0 0 2020.58
0 0.01 5514.05
0 0.02 12603.9
0 0.03 476.193
0 0.04 342853
0 0.05 6465.03
0 0.06 4914.91
0 0.07 7818.39
0 0.08 29277.3
0 0.09 7681.97
0 0.1 16534.9
0 0.11 17718.2
0 0.12 7676.98
0 0.13 8743.94
0 0.14 1291.78
0 0.15 5200.86
0 0.16 9316.94
0 0.17 20174.1
0 0.18 7701.02
0 0.19 669.225
0 0.2 5805.94
0 0.21 3074.51
0 0.22 2819.08
0 0.23 2672.78
0 0.24 1396.67
0 0.25 1221.66
0 0.26 1218.07
0 0.27 1221.74
0 0.28 1089.91
0 0.29 805.003
0 0.3 498.06
0 0.31 442.919
0 0.32 367.388
0 0.33 145.411
0 0.34 297.561
0 0.35 2202.92
0 0.36 1166.87
0 0.37 16599.6
0 0.38 925.169
0 0.39 1003.47
0 0.4 296.777
0 0.41 393.058
0 0.42 477.372
0 0.43 821.996
0 0.44 2268.42
0 0.45 2270.48
0 0.46 4867.51
0 0.47 5141.03
0 0.48 2110.9
0 0.49 1046.29
0 0.5 1133.13
0 0.51 2085.85
0 0.52 1815.75
0 0.53 3413.19
0 0.54 12487.2
0 0.55 10981.7
0 0.56 2488.36
0 0.57 22947.4
0 0.58 7375.74
0 0.59 4268.19
0 0.6 20305.3
0 0.61 3798.98
0 0.62 16514.9
0 0.63 13309.2
0 0.64 2708.42
0 0.65 113373
0 0.66 3933.6
0 0.67 3227.38
0 0.68 14455.5
0 0.69 3657.02
0 0.7 14173.7
0 0.71 10958.2
0 0.72 4361.32
0 0.73 4604.57
0 0.74 2.79201e+06
0 0.75 8876.11
0 0.76 5342.31
0 0.77 5593.94
0 0.78 5857.38
0 0.79 810890
0 0.8 13795.7
0 0.81 6811.28
0 0.82 7202.33
0 0.83 7629.87
0 0.84 18526.3
0 0.85 112781
0 0.86 9528.4
0 0.87 9662.2
0 0.88 10248.4
0 0.89 10867.8
0 0.9 11522
0 0.91 12212.6
0 0.92 383843
0 0.93 55448.6
0 0.94 14514.5
0 0.95 15359.9
0 0.96 16243.4
0 0.97 17162.7
0 0.98 18114.3
0 0.99 19092.9
0 1 20091.7
0 1.01 21101.5
0 1.02 22111.1
0 1.03 23106.8
0 1.04 24072.8
0 1.05 24991.5
0 1.06 25843.7
0 1.07 34710.5
0 1.08 60312.7
0 1.09 96534.6
0 1.1 128926
0 1.11 138818
0 1.12 170759
0 1.13 177119
0 1.14 28213.3
0 1.15 27827.5
0 1.16 27304
0 1.17 26654.6
0 1.18 25894.9
0 1.19 25095.5
0 1.2 24210.2
0 1.21 23281.2
0 1.22 22327.3
0 1.23 21363.8
0 1.24 20403.8
0 1.25 19458
0 1.26 18534.9
0 1.27 17641
0 1.28 16780.9
0 1.29 15957.9
0 1.3 15173.8
0 1.31 14429.4
0 1.32 13724.9
0 1.33 45239.8
0 1.34 161936
0 1.35 17104
0 1.36 11287.1
0 1.37 10765.5
0 1.38 10275.5
0 1.39 9815.26
0 1.4 9383.04
0 1.41 8977.01
0 1.42 16440.3
0 1.43 125797
0 1.44 24297
0 1.45 7581.6
0 1.46 7282.3
0 1.47 7000.08
0 1.48 6733.72
0 1.49 6482.07
0 1.5 17119.6
0 1.51 143633
0 1.52 10436
0 1.53 5602.38
0 1.54 5409.71
0 1.55 5226.37
0 1.56 5797.47
0 1.57 18613.2
0 1.58 91184.5
0 1.59 4895.14
0 1.6 4426.78
0 1.61 4286.35
0 1.62 4861.34
0 1.63 15808.1
0 1.64 65770.5
0 1.65 3774.76
0 1.66 3657.88
0 1.67 3545.09
0 1.68 9357.76
0 1.69 83349.9
0 1.7 3231.05
0 1.71 3134.6
0 1.72 3703.71
0 1.73 12950.2
0 1.74 35722.9
0 1.75 2786.75
0 1.76 2707.06
0 1.77 6052.81
0 1.78 48793.2
0 1.79 2936.26
0 1.8 2401.86
0 1.81 5470.41
0 1.82 43372.6
0 1.83 2177.5
0 1.84 2856.91
0 1.85 13221.3
0 1.86 3881.46
0 1.87 2684.83
0 1.88 18704.9
0 1.89 1714.55
0 1.9 7133.6
0 1.91 1550.7
0 1.92 9764.76
0 1.93 2175.15
0 1.94 1736.26
0 1.95 7888.33
0 1.96 7111.91
0 1.97 3998.11
0 1.98 917.106
0 1.99 1276.34
0 2 748.329
0 2.01 629.671
0 2.02 544.119
0 2.03 2593.73
0 2.04 2825.95
0 2.05 447.656
0 2.06 511.904
0 2.07 615.537
0 2.08 1445.74
0 2.09 1086.66
0 2.1 4028.47
0 2.11 2751.05
0 2.12 5048.04
0 2.13 4358.69
0 2.14 10301.2
0 2.15 5239.8
0 2.16 6374.16
0 2.17 26132.3
0 2.18 3157.46
0 2.19 3243.27
0 2.2 45050.4
0 2.21 3829.65
0 2.22 6557.23
0 2.23 9305.58
0 2.24 4725.65
0 2.25 5014.13
0 2.26 61149.7
0 2.27 7809.02
0 2.28 5782.7
0 2.29 5991.01
0 2.3 6168.76
0 2.31 6313.13
0 2.32 11987.5
0 2.33 11359.5
0 2.34 6533.38
0 2.35 6536.89
0 2.36 6508.31
0 2.37 6450.09
0 2.38 6493.39
0 2.39 6269.77
0 2.4 6136.79
0 2.41 5997.62
0 2.42 5846.78
0 2.43 5687.47
0 2.44 5522.4
0 2.45 5782.5
0 2.46 5184.08
0 2.47 5014.39
0 2.48 8240.74
0 2.49 10182.1
0 2.5 4518.13
0 2.51 4359.44
0 2.52 4698.7
0 2.53 14278.3
0 2.54 6099.89
0 2.55 3767.18
0 2.56 3629.73
0 2.57 8710.23
0 2.58 12994.7
0 2.59 3242.14
0 2.6 3120.12
0 2.61 10051.1
0 2.62 6586
0 2.63 2774.84
0 2.64 5187.89
0 2.65 14755.3
0 2.66 2456.9
0 2.67 4745.89
0 2.68 11223.8
0 2.69 2161.96
0 2.7 7792.92
0 2.71 1974.8
0 2.72 4076.01
0 2.73 3811.13
0 2.74 3617.47
0 2.75 1785.01
0 2.76 5296.84
0 2.77 1573.22
0 2.78 2364.92
0 2.79 3888.27
0 2.8 2098.63
0 2.81 1055.24
0 2.82 967.111
0 2.83 883.971
0 2.84 809.505
0 2.85 748.792
0 2.86 704.877
0 2.87 708.458
0 2.88 715.534
0 2.89 772.615
0 2.9 858.372
0 2.91 969.754
0 2.92 1723.05
0 2.93 2135.3
0 2.94 1408.6
0 2.95 3500.18
0 2.96 7018.1
0 2.97 7887.58
0 2.98 2563.8
0 2.99 2297.51
0 3 7093.27
0 3.01 2650.31
0 3.02 6195.56
0 3.03 2972.41
0 3.04 9733.66
0 3.05 3245.5
0 3.06 3358.85
0 3.07 5312.62
0 3.08 3531.64
0 3.09 3589.94
0 3.1 3629.48
0 3.11 3650.82
0 3.12 3654.92
0 3.13 3642.79
0 3.14 4222.18
0 3.15 3579.41
0 3.16 3527.22
0 3.17 3467.25
0 3.18 3399.11
0 3.19 3324.24
0 3.2 3243.93
0 3.21 3159.28
0 3.22 3071.27
0 3.23 3224.1
0 3.24 2888.28
0 3.25 3032.02
0 3.26 3089.18
0 3.27 2604.79
0 3.28 4321.08
0 3.29 2414.39
0 3.3 2319.18
0 3.31 5022.99
0 3.32 2130.8
0 3.33 3704.22
0 3.34 1944.91
0 3.35 2576.45
0 3.36 2815.81
0 3.37 2069.1
0 3.38 2530.26
0 3.39 1801.03
0 3.4 1936
0 3.41 1317.79
0 3.42 1395.88
0 3.43 1149.28
0 3.44 1069.23
0 3.45 994.055
0 3.46 926.049
0 3.47 867.858
0 3.48 821.574
0 3.49 755.765
0 3.5 780.356
0 3.51 811.37
0 3.52 855.311
0 3.53 919.63
0 3.54 1001.83
0 3.55 1098.29
0 3.56 1205.31
0 3.57 1319.4
0 3.58 2184.65
0 3.59 2773.42
0 3.6 1677.76
0 3.61 1794.19
0 3.62 3346.08
0 3.63 2011.48
0 3.64 2191.69
0 3.65 2384.94
0 3.66 2273.6
0 3.67 2339.53
0 3.68 2393.61
0 3.69 2435.58
0 3.7 2465.47
0 3.71 2483.51
0 3.72 2490.13
0 3.73 2485.66
0 3.74 2493.3
0 3.75 2419.37
0 3.76 2417.39
0 3.77 2379.22
0 3.78 2551.32
0 3.79 2283.21
0 3.8 2227.23
0 3.81 2166.9
0 3.82 2102.86
0 3.83 2035.65
0 3.84 1965.8
0 3.85 1893.77
0 3.86 1819.96
0 3.87 1744.77
0 3.88 1668.59
0 3.89 1591.73
0 3.9 1514.55
0 3.91 1437.42
0 3.92 1360.73
0 3.93 1284.94
0 3.94 1210.66
0 3.95 1138.62
0 3.96 1069.78
0 3.97 1005.31
0 3.98 946.545
0 3.99 893.936
0 4 830.921

0.01 0 1937.37
0.01 0.01 7145.52
0.01 0.02 11540.6
0.01 0.03 302.146
0.01 0.04 35867.9
0.01 0.05 95655.2
0.01 0.06 16025.1
0.01 0.07 5998.63
0.01 0.08 21538.7
0.01 0.09 6157.69
0.01 0.1 30369.7
0.01 0.11 15660.9
0.01 0.12 4212.23
0.01 0.13 9440.5
0.01 0.14 532.38
0.01 0.15 10274.7
0.01 0.16 2769.21
0.01 0.17 14040.8
0.01 0.18 5257.46
0.01 0.19 1114.49
0.01 0.2 5508.16
0.01 0.21 2933.07
0.01 0.22 2903.87
0.01 0.23 2493.9
0.01 0.24 1547.89
0.01 0.25 1332.65
0.01 0.26 1294.3
0.01 0.27 1261.23
0.01 0.28 1095.25
0.01 0.29 777.131
0.01 0.3 496.102
0.01 0.31 662.124
0.01 0.32 373.415
0.01 0.33 149.273
0.01 0.34 517.402
0.01 0.35 1224.15
0.01 0.36 2551.35
0.01 0.37 95.062
0.01 0.38 61.2359
0.01 0.39 7737.31
0.01 0.4 293.408
0.01 0.41 699.335
0.01 0.42 474.972
0.01 0.43 843.525
0.01 0.44 1960.61
0.01 0.45 2852.16
0.01 0.46 2641.24
0.01 0.47 6732.97
0.01 0.48 2576.15
0.01 0.49 1043.7
0.01 0.5 1130.57
0.01 0.51 1218.38
0.01 0.52 2132.97
0.01 0.53 3430.85
0.01 0.54 16136.9
0.01 0.55 5549.74
0.01 0.56 2685.23
0.01 0.57 31253.2
0.01 0.58 14052.8
0.01 0.59 4646.36
0.01 0.6 15025.1
0.01 0.61 4113.85
0.01 0.62 3561.16
0.01 0.63 14739.3
0.01 0.64 2704.21
0.01 0.65 74681.2
0.01 0.66 4204.15
0.01 0.67 4097.14
0.01 0.68 15925
0.01 0.69 3650.43
0.01 0.7 12138.4
0.01 0.71 11618.9
0.01 0.72 4354.21
0.01 0.73 4597.42
0.01 0.74 1.12144e+06
0.01 0.75 9164.17
0.01 0.76 5335.09
0.01 0.77 5586.48
0.01 0.78 5849.43
0.01 0.79 516510
0.01 0.8 14280.9
0.01 0.81 6800.39
0.01 0.82 7190.35
0.01 0.83 7616.88
0.01 0.84 17305
0.01 0.85 121867
0.01 0.86 9705.43
0.01 0.87 9645.75
0.01 0.88 10231.1
0.01 0.89 10849.6
0.01 0.9 11502.9
0.01 0.91 12192.5
0.01 0.92 326471
0.01 0.93 56428.1
0.01 0.94 14491.3
0.01 0.95 15335.9
0.01 0.96 16218.5
0.01 0.97 17137
0.01 0.98 18088
0.01 0.99 19066.2
0.01 1 20064.9
0.01 1.01 21074.9
0.01 1.02 22085.1
0.01 1.03 23081.9
0.01 1.04 24049.5
0.01 1.05 24970.4
0.01 1.06 25825.3
0.01 1.07 36115.7
0.01 1.08 63703.7
0.01 1.09 103672
0.01 1.1 140324
0.01 1.11 151869
0.01 1.12 179996
0.01 1.13 148983
0.01 1.14 28230.5
0.01 1.15 27849
0.01 1.16 27329.2
0.01 1.17 26683.1
0.01 1.18 25925.4
0.01 1.19 25127.6
0.01 1.2 24243.7
0.01 1.21 23315.3
0.01 1.22 22361.4
0.01 1.23 21397.7
0.01 1.24 20437
0.01 1.25 19490.3
0.01 1.26 18566
0.01 1.27 17670.8
0.01 1.28 16809.3
0.01 1.29 15984.8
0.01 1.3 15199.3
0.01 1.31 14453.5
0.01 1.32 13937
0.01 1.33 49830.9
0.01 1.34 176492
0.01 1.35 16507.5
0.01 1.36 11304.7
0.01 1.37 10782
0.01 1.38 10290.9
0.01 1.39 9829.76
0.01 1.4 9396.63
0.01 1.41 8989.76
0.01 1.42 17091.3
0.01 1.43 149965
0.01 1.44 23732.3
0.01 1.45 7591.52
0.01 1.46 7291.64
0.01 1.47 7008.88
0.01 1.48 6742.01
0.01 1.49 6489.9
0.01 1.5 17836.9
0.01 1.51 168470
0.01 1.52 10127.2
0.01 1.53 5608.67
0.01 1.54 5415.69
0.01 1.55 5232.06
0.01 1.56 5893.27
0.01 1.57 19492.4
0.01 1.58 97113.8
0.01 1.59 4755.48
0.01 1.6 4431.32
0.01 1.61 4290.7
0.01 1.62 4932.91
0.01 1.63 16470.2
0.01 1.64 68547.4
0.01 1.65 3778.5
0.01 1.66 3661.5
0.01 1.67 3548.58
0.01 1.68 9602.39
0.01 1.69 93606.2
0.01 1.7 3234.15
0.01 1.71 3137.57
0.01 1.72 3750.45
0.01 1.73 13453.5
0.01 1.74 36147.7
0.01 1.75 2789.29
0.01 1.76 2709.54
0.01 1.77 6181.38
0.01 1.78 54546.8
0.01 1.79 2800.85
0.01 1.8 2404.22
0.01 1.81 5586.85
0.01 1.82 47868.4
0.01 1.83 2179.84
0.01 1.84 2897.55
0.01 1.85 13886.3
0.01 1.86 3765.78
0.01 1.87 2721.36
0.01 1.88 19919.5
0.01 1.89 1717.05
0.01 1.9 7294.92
0.01 1.91 1553.3
0.01 1.92 10039.1
0.01 1.93 2183.28
0.01 1.94 1803.75
0.01 1.95 8363.13
0.01 1.96 7488.25
0.01 1.97 4198.32
0.01 1.98 920.061
0.01 1.99 1371.95
0.01 2 787.331
0.01 2.01 632.483
0.01 2.02 2219.16
0.01 2.03 475.383
0.01 2.04 2355.19
0.01 2.05 446.128
0.01 2.06 509.257
0.01 2.07 611.761
0.01 2.08 1379.28
0.01 2.09 899.691
0.01 2.1 4306
0.01 2.11 3043.1
0.01 2.12 5604.2
0.01 2.13 3085.57
0.01 2.14 11510.1
0.01 2.15 5614.62
0.01 2.16 6782.5
0.01 2.17 27866.2
0.01 2.18 2952.01
0.01 2.19 3276.08
0.01 2.2 39399.9
0.01 2.21 3820.88
0.01 2.22 6413.35
0.01 2.23 9166.9
0.01 2.24 4717.2
0.01 2.25 5006.05
0.01 2.26 53657.8
0.01 2.27 7422.91
0.01 2.28 5776.63
0.01 2.29 5985.87
0.01 2.3 6164.63
0.01 2.31 6310.09
0.01 2.32 13532.8
0.01 2.33 10162
0.01 2.34 6533.64
0.01 2.35 6538.16
0.01 2.36 6510.5
0.01 2.37 6453.11
0.01 2.38 6478.12
0.01 2.39 6275.29
0.01 2.4 6141.57
0.01 2.41 6002.77
0.01 2.42 5852.2
0.01 2.43 5693.06
0.01 2.44 5528.1
0.01 2.45 5359.69
0.01 2.46 5189.78
0.01 2.47 5020.02
0.01 2.48 9185.74
0.01 2.49 9255.73
0.01 2.5 4523.42
0.01 2.51 4364.57
0.01 2.52 5032.1
0.01 2.53 15938.7
0.01 2.54 5335.24
0.01 2.55 3771.7
0.01 2.56 3634.07
0.01 2.57 9520.85
0.01 2.58 12169.6
0.01 2.59 3246.11
0.01 2.6 3127.8
0.01 2.61 10987.3
0.01 2.62 5971.58
0.01 2.63 2778.36
0.01 2.64 5473.27
0.01 2.65 14576.7
0.01 2.66 2460.13
0.01 2.67 4984.55
0.01 2.68 10877.4
0.01 2.69 2164.98
0.01 2.7 8344.25
0.01 2.71 1977.72
0.01 2.72 4263.16
0.01 2.73 3528.54
0.01 2.74 3778.74
0.01 2.75 1610.95
0.01 2.76 5600.67
0.01 2.77 1699.71
0.01 2.78 2178.51
0.01 2.79 4056.14
0.01 2.8 2272.35
0.01 2.81 1057.98
0.01 2.82 994.971
0.01 2.83 886.467
0.01 2.84 811.624
0.01 2.85 750.408
0.01 2.86 706.148
0.01 2.87 579.757
0.01 2.88 2590.99
0.01 2.89 770.386
0.01 2.9 855.29
0.01 2.91 965.99
0.01 2.92 1624.2
0.01 2.93 2031.33
0.01 2.94 1403.57
0.01 2.95 3388.37
0.01 2.96 6720.7
0.01 2.97 7595.67
0.01 2.98 2631.88
0.01 2.99 2292.16
0.01 3 6707.53
0.01 3.01 2645.28
0.01 3.02 5775.74
0.01 3.03 2968.06
0.01 3.04 9430.29
0.01 3.05 3242.06
0.01 3.06 3355.96
0.01 3.07 4987.16
0.01 3.08 3529.92
0.01 3.09 3588.8
0.01 3.1 3628.92
0.01 3.11 3650.81
0.01 3.12 3655.42
0.01 3.13 3643.76
0.01 3.14 4118.28
0.01 3.15 3581.61
0.01 3.16 3529.26
0.01 3.17 3469.56
0.01 3.18 3401.63
0.01 3.19 3326.94
0.01 3.2 3246.76
0.01 3.21 3162.22
0.01 3.22 3074.28
0.01 3.23 3378.36
0.01 3.24 2891.38
0.01 3.25 3313.04
0.01 3.26 2703.12
0.01 3.27 2607.9
0.01 3.28 4651.96
0.01 3.29 2417.48
0.01 3.3 2494.72
0.01 3.31 5100.57
0.01 3.32 2133.8
0.01 3.33 4009.55
0.01 3.34 1947.85
0.01 3.35 2806.48
0.01 3.36 2511.21
0.01 3.37 2275.24
0.01 3.38 2298.56
0.01 3.39 2003.45
0.01 3.4 1762.06
0.01 3.41 1325.66
0.01 3.42 1472.72
0.01 3.43 1151.89
0.01 3.44 1071.69
0.01 3.45 996.326
0.01 3.46 928.051
0.01 3.47 869.508
0.01 3.48 822.9
0.01 3.49 759.265
0.01 3.5 778.527
0.01 3.51 810.284
0.01 3.52 853.609
0.01 3.53 917.334
0.01 3.54 999.035
0.01 3.55 1095.14
0.01 3.56 1201.92
0.01 3.57 1315.82
0.01 3.58 2031.67
0.01 3.59 2743.28
0.01 3.6 1674.21
0.01 3.61 1790.77
0.01 3.62 3173.97
0.01 3.63 2008.5
0.01 3.64 2105.89
0.01 3.65 2493.63
0.01 3.66 2271.58
0.01 3.67 2337.87
0.01 3.68 2392.33
0.01 3.69 2434.68
0.01 3.7 2464.95
0.01 3.71 2483.36
0.01 3.72 2490.32
0.01 3.73 2486.18
0.01 3.74 2493.33
0.01 3.75 2417.01
0.01 3.76 2418.68
0.01 3.77 2380.73
0.01 3.78 2335.84
0.01 3.79 2285.07
0.01 3.8 2229.23
0.01 3.81 2169.02
0.01 3.82 2105.07
0.01 3.83 2037.95
0.01 3.84 1968.16
0.01 3.85 1896.18
0.01 3.86 1822.42
0.01 3.87 1747.25
0.01 3.88 1671.1
0.01 3.89 1594.24
0.01 3.9 1517.06
0.01 3.91 1439.92
0.01 3.92 1363.2
0.01 3.93 1287.37
0.01 3.94 1213.02
0.01 3.95 1140.89
0.01 3.96 1071.92
0.01 3.97 1007.29
0.01 3.98 948.336
0.01 3.99 895.6
0.01 4 834.671

0.02 0 4089.69
0.02 0.01 8748.88
0.02 0.02 10847.2
0.02 0.03 877.241
0.02 0.04 27297.7
0.02 0.05 5086.9
0.02 0.06 3802.23
0.02 0.07 13534.2
0.02 0.08 211652
0.02 0.09 6905.29
0.02 0.1 51238.6
0.02 0.11 12802.5
0.02 0.12 427.778
0.02 0.13 6152.32
0.02 0.14 3981.91
0.02 0.15 3966.08
0.02 0.16 3881.36
0.02 0.17 14613
0.02 0.18 4399.27
0.02 0.19 1278.31
0.02 0.2 2733.61
0.02 0.21 2776.32
0.02 0.22 2941.87
0.02 0.23 2266.92
0.02 0.24 1692.46
0.02 0.25 1440.51
0.02 0.26 1365.79
0.02 0.27 1295.34
0.02 0.28 2500.07
0.02 0.29 763.057
0.02 0.3 495.927
0.02 0.31 471.436
0.02 0.32 378.841
0.02 0.33 153.297
0.02 0.34 6370.43
0.02 0.35 574.767
0.02 0.36 2277.75
0.02 0.37 2536.79
0.02 0.38 208.54
0.02 0.39 925.046
0.02 0.4 289.994
0.02 0.41 388.095
0.02 0.42 472.598
0.02 0.43 851.463
0.02 0.44 1515.92
0.02 0.45 3487.48
0.02 0.46 1048.54
0.02 0.47 9142.53
0.02 0.48 3049.16
0.02 0.49 1474.61
0.02 0.5 1127.98
0.02 0.51 1307.69
0.02 0.52 2427.9
0.02 0.53 4196.06
0.02 0.54 21767.5
0.02 0.55 6849.58
0.02 0.56 2982.01
0.02 0.57 44745.7
0.02 0.58 43794.1
0.02 0.59 5019.48
0.02 0.6 11464.5
0.02 0.61 4377.74
0.02 0.62 2446.84
0.02 0.63 16256.4
0.02 0.64 2699.97
0.02 0.65 53959
0.02 0.66 4414.32
0.02 0.67 3215.28
0.02 0.68 17444.1
0.02 0.69 3643.8
0.02 0.7 10570.1
0.02 0.71 12235.7
0.02 0.72 4347.14
0.02 0.73 4590.28
0.02 0.74 630483
0.02 0.75 9398.03
0.02 0.76 5327.91
0.02 0.77 5579.08
0.02 0.78 5841.55
0.02 0.79 376232
0.02 0.8 14638.3
0.02 0.81 6789.58
0.02 0.82 7178.47
0.02 0.83 7604
0.02 0.84 16463.1
0.02 0.85 126095
0.02 0.86 9812.05
0.02 0.87 9629.42
0.02 0.88 10213.9
0.02 0.89 10831.5
0.02 0.9 11483.8
0.02 0.91 12172.4
0.02 0.92 291665
0.02 0.93 55933.7
0.02 0.94 14468.3
0.02 0.95 15311.9
0.02 0.96 16193.7
0.02 0.97 17111.4
0.02 0.98 18061.8
0.02 0.99 19039.7
0.02 1 20038.2
0.02 1.01 21048.4
0.02 1.02 22059.2
0.02 1.03 23057
0.02 1.04 24026.3
0.02 1.05 24949.3
0.02 1.06 25806.9
0.02 1.07 38329.2
0.02 1.08 68805.6
0.02 1.09 113820
0.02 1.1 155240
0.02 1.11 167442
0.02 1.12 188257
0.02 1.13 123950
0.02 1.14 28247.6
0.02 1.15 27870.3
0.02 1.16 27354.2
0.02 1.17 26711.6
0.02 1.18 25955.9
0.02 1.19 25159.6
0.02 1.2 24277.1
0.02 1.21 23349.3
0.02 1.22 22395.6
0.02 1.23 21431.5
0.02 1.24 20470.2
0.02 1.25 19522.5
0.02 1.26 18597.1
0.02 1.27 17700.5
0.02 1.28 16837.7
0.02 1.29 16011.8
0.02 1.3 15224.8
0.02 1.31 14477.6
0.02 1.32 14370.5
0.02 1.33 54055.4
0.02 1.34 194083
0.02 1.35 16174.9
0.02 1.36 11322.3
0.02 1.37 10798.5
0.02 1.38 10306.4
0.02 1.39 9844.25
0.02 1.4 9410.22
0.02 1.41 9002.5
0.02 1.42 17587.9
0.02 1.43 177831
0.02 1.44 23548
0.02 1.45 7601.44
0.02 1.46 7300.97
0.02 1.47 7017.67
0.02 1.48 6750.31
0.02 1.49 6497.73
0.02 1.5 18394.2
0.02 1.51 199626
0.02 1.52 9971.08
0.02 1.53 5614.97
0.02 1.54 5421.67
0.02 1.55 5237.75
0.02 1.56 5961.94
0.02 1.57 20200
0.02 1.58 104690
0.02 1.59 4682.45
0.02 1.6 4435.85
0.02 1.61 4295.06
0.02 1.62 4983.81
0.02 1.63 16999.7
0.02 1.64 72345.8
0.02 1.65 3782.25
0.02 1.66 3665.11
0.02 1.67 3552.07
0.02 1.68 9788.06
0.02 1.69 105873
0.02 1.7 3237.24
0.02 1.71 3140.53
0.02 1.72 3782.28
0.02 1.73 13865.7
0.02 1.74 37011.4
0.02 1.75 13648
0.02 1.76 2712.02
0.02 1.77 6282.8
0.02 1.78 60831
0.02 1.79 2714.31
0.02 1.8 2406.57
0.02 1.81 5680.83
0.02 1.82 52866.7
0.02 1.83 2182.19
0.02 1.84 2929.57
0.02 1.85 14490.2
0.02 1.86 3698.16
0.02 1.87 2749.55
0.02 1.88 21102.4
0.02 1.89 1719.55
0.02 1.9 7423.15
0.02 1.91 4801.86
0.02 1.92 10264.8
0.02 1.93 2183.3
0.02 1.94 1902.14
0.02 1.95 8916.03
0.02 1.96 7897.83
0.02 1.97 4436.15
0.02 1.98 923.019
0.02 1.99 1465.52
0.02 2 862.276
0.02 2.01 635.31
0.02 2.02 548.922
0.02 2.03 477.356
0.02 2.04 931.802
0.02 2.05 523.717
0.02 2.06 506.649
0.02 2.07 608.014
0.02 2.08 1310.29
0.02 2.09 894.462
0.02 2.1 4514.75
0.02 2.11 3351.15
0.02 2.12 6194.14
0.02 2.13 2125.95
0.02 2.14 12725
0.02 2.15 5998.56
0.02 2.16 7189.23
0.02 2.17 29033.5
0.02 2.18 2943.71
0.02 2.19 3310.9
0.02 2.2 35156.3
0.02 2.21 3812.13
0.02 2.22 6345.33
0.02 2.23 8973.22
0.02 2.24 4708.76
0.02 2.25 4997.98
0.02 2.26 46934.9
0.02 2.27 7034.35
0.02 2.28 5770.55
0.02 2.29 5980.71
0.02 2.3 6160.49
0.02 2.31 6307.03
0.02 2.32 14844.1
0.02 2.33 9047.41
0.02 2.34 6533.87
0.02 2.35 6539.4
0.02 2.36 6512.67
0.02 2.37 6456.11
0.02 2.38 6464.34
0.02 2.39 6280.93
0.02 2.4 6146.35
0.02 2.41 6007.91
0.02 2.42 5857.61
0.02 2.43 5698.65
0.02 2.44 5533.78
0.02 2.45 5365.4
0.02 2.46 5195.48
0.02 2.47 5025.65
0.02 2.48 10243.2
0.02 2.49 8280.13
0.02 2.5 4528.7
0.02 2.51 4369.7
0.02 2.52 5384.46
0.02 2.53 17708
0.02 2.54 4683.13
0.02 2.55 3776.21
0.02 2.56 3638.42
0.02 2.57 10406.7
0.02 2.58 11341.3
0.02 2.59 3250.08
0.02 2.6 3248.11
0.02 2.61 12002.9
0.02 2.62 5442.69
0.02 2.63 2781.88
0.02 2.64 5761.87
0.02 2.65 14320.9
0.02 2.66 2463.36
0.02 2.67 5222.68
0.02 2.68 10520.7
0.02 2.69 2168
0.02 2.7 8921.18
0.02 2.71 1980.64
0.02 2.72 4447.54
0.02 2.73 3277.16
0.02 2.74 3936.8
0.02 2.75 1613.81
0.02 2.76 5913.84
0.02 2.77 1794.39
0.02 2.78 2000.99
0.02 2.79 4216.8
0.02 2.8 2446.79
0.02 2.81 1060.72
0.02 2.82 1132.81
0.02 2.83 888.967
0.02 2.84 813.753
0.02 2.85 752.039
0.02 2.86 707.393
0.02 2.87 803.292
0.02 2.88 1723.45
0.02 2.89 768.183
0.02 2.9 852.237
0.02 2.91 962.25
0.02 2.92 1515.91
0.02 2.93 1923.7
0.02 2.94 1398.56
0.02 2.95 3304.03
0.02 2.96 6453.46
0.02 2.97 7340.49
0.02 2.98 2724.14
0.02 2.99 2286.81
0.02 3 6333.03
0.02 3.01 2640.26
0.02 3.02 5383
0.02 3.03 2963.7
0.02 3.04 8983.6
0.02 3.05 3238.63
0.02 3.06 3353.07
0.02 3.07 4640.17
0.02 3.08 3528.19
0.02 3.09 3587.65
0.02 3.1 3628.35
0.02 3.11 3650.79
0.02 3.12 3655.91
0.02 3.13 3644.72
0.02 3.14 4020.99
0.02 3.15 3583.88
0.02 3.16 3531.3
0.02 3.17 3471.86
0.02 3.18 3404.15
0.02 3.19 3329.62
0.02 3.2 3249.59
0.02 3.21 3165.15
0.02 3.22 3077.28
0.02 3.23 3483.2
0.02 3.24 2894.47
0.02 3.25 3603.59
0.02 3.26 2706.23
0.02 3.27 2610.99
0.02 3.28 4971.17
0.02 3.29 2420.57
0.02 3.3 2725.52
0.02 3.31 5077.26
0.02 3.32 2136.79
0.02 3.33 4329
0.02 3.34 1950.8
0.02 3.35 3045.62
0.02 3.36 2185.97
0.02 3.37 2486.67
0.02 3.38 2034.92
0.02 3.39 2208.48
0.02 3.4 1555.61
0.02 3.41 1512.09
0.02 3.42 1506.28
0.02 3.43 1154.49
0.02 3.44 1074.15
0.02 3.45 998.603
0.02 3.46 930.062
0.02 3.47 871.17
0.02 3.48 824.226
0.02 3.49 763.954
0.02 3.5 776.465
0.02 3.51 809.213
0.02 3.52 851.929
0.02 3.53 915.058
0.02 3.54 996.26
0.02 3.55 1092
0.02 3.56 1198.52
0.02 3.57 1312.25
0.02 3.58 1873.78
0.02 3.59 2681.96
0.02 3.6 1721.83
0.02 3.61 1787.37
0.02 3.62 2987.79
0.02 3.63 2005.52
0.02 3.64 2103.16
0.02 3.65 2543.81
0.02 3.66 2269.54
0.02 3.67 2336.2
0.02 3.68 2391.04
0.02 3.69 2433.78
0.02 3.7 2464.42
0.02 3.71 2483.19
0.02 3.72 2490.5
0.02 3.73 2486.69
0.02 3.74 2493.1
0.02 3.75 2414.67
0.02 3.76 2419.96
0.02 3.77 2382.24
0.02 3.78 2337.54
0.02 3.79 2286.93
0.02 3.8 2231.22
0.02 3.81 2171.13
0.02 3.82 2107.28
0.02 3.83 2040.24
0.02 3.84 1970.52
0.02 3.85 1898.59
0.02 3.86 1824.88
0.02 3.87 1749.74
0.02 3.88 1673.61
0.02 3.89 1596.75
0.02 3.9 1519.58
0.02 3.91 1442.42
0.02 3.92 1365.67
0.02 3.93 1289.79
0.02 3.94 1215.38
0.02 3.95 1143.16
0.02 3.96 1074.07
0.02 3.97 1009.28
0.02 3.98 950.129
0.02 3.99 897.257
0.02 4 838.17

0.03 0 15144.3
0.03 0.01 5565.37
0.03 0.02 10432.6
0.03 0.03 6062.06
0.03 0.04 22173.9
0.03 0.05 6959.32
0.03 0.06 104585
0.03 0.07 4556
0.03 0.08 12347
0.03 0.09 10019.5
0.03 0.1 33091.6
0.03 0.11 10324.5
0.03 0.12 363.594
0.03 0.13 57351.4
0.03 0.14 5361.34
0.03 0.15 3487.57
0.03 0.16 5065.09
0.03 0.17 10724.2
0.03 0.18 4919.97
0.03 0.19 7325.23
0.03 0.2 1429.41
0.03 0.21 2611.18
0.03 0.22 2918.28
0.03 0.23 2394.32
0.03 0.24 1826.11
0.03 0.25 1542.36
0.03 0.26 1431.26
0.03 0.27 1323.84
0.03 0.28 1094.06
0.03 0.29 748.123
0.03 0.3 497.665
0.03 0.31 485.784
0.03 0.32 2377.24
0.03 0.33 261.404
0.03 0.34 729.411
0.03 0.35 349.44
0.03 0.36 1647.54
0.03 0.37 3142.29
0.03 0.38 115.625
0.03 0.39 2008.84
0.03 0.4 286.528
0.03 0.41 4392.41
0.03 0.42 470.25
0.03 0.43 845.431
0.03 0.44 1075.39
0.03 0.45 4155.41
0.03 0.46 789.856
0.03 0.47 12625.8
0.03 0.48 3627.94
0.03 0.49 1927.07
0.03 0.5 1206.57
0.03 0.51 1687.17
0.03 0.52 2715.74
0.03 0.53 4789.86
0.03 0.54 31094.5
0.03 0.55 3834.01
0.03 0.56 3382.26
0.03 0.57 68390.2
0.03 0.58 3733.31
0.03 0.59 5404.66
0.03 0.6 8704.84
0.03 0.61 4610.07
0.03 0.62 2443.74
0.03 0.63 17825.4
0.03 0.64 2695.86
0.03 0.65 41571.8
0.03 0.66 4599.12
0.03 0.67 3209.34
0.03 0.68 18964.7
0.03 0.69 3637.2
0.03 0.7 9315.35
0.03 0.71 12785.4
0.03 0.72 4340.12
0.03 0.73 4583.23
0.03 0.74 423250
0.03 0.75 9569.12
0.03 0.76 5320.77
0.03 0.77 5571.73
0.03 0.78 5833.73
0.03 0.79 298976
0.03 0.8 14849.7
0.03 0.81 6778.87
0.03 0.82 7166.67
0.03 0.83 7591.21
0.03 0.84 15939.7
0.03 0.85 124808
0.03 0.86 9844.14
0.03 0.87 9613.19
0.03 0.88 10196.8
0.03 0.89 10813.5
0.03 0.9 11464.9
0.03 0.91 12152.5
0.03 0.92 270781
0.03 0.93 54052.1
0.03 0.94 14445.4
0.03 0.95 15288.1
0.03 0.96 16169
0.03 0.97 17086
0.03 0.98 18035.8
0.03 0.99 19013.2
0.03 1 20011.6
0.03 1.01 21022.1
0.03 1.02 22033.4
0.03 1.03 23032.3
0.03 1.04 24003.1
0.03 1.05 24928.2
0.03 1.06 25788.5
0.03 1.07 41503.3
0.03 1.08 75952.9
0.03 1.09 127247
0.03 1.1 172759
0.03 1.11 183112
0.03 1.12 191511
0.03 1.13 102438
0.03 1.14 28264.6
0.03 1.15 27891.5
0.03 1.16 27379.1
0.03 1.17 26739.9
0.03 1.18 25986.5
0.03 1.19 25191.6
0.03 1.2 24310.5
0.03 1.21 23383.3
0.03 1.22 22429.7
0.03 1.23 21465.3
0.03 1.24 20503.3
0.03 1.25 19554.7
0.03 1.26 18628.1
0.03 1.27 17730.3
0.03 1.28 16866.1
0.03 1.29 16038.8
0.03 1.3 15250.3
0.03 1.31 14501.7
0.03 1.32 14679.5
0.03 1.33 57544.3
0.03 1.34 217469
0.03 1.35 16097.2
0.03 1.36 11339.9
0.03 1.37 10815
0.03 1.38 10321.9
0.03 1.39 9858.74
0.03 1.4 9423.8
0.03 1.41 9015.24
0.03 1.42 17900.7
0.03 1.43 208635
0.03 1.44 23753
0.03 1.45 7611.35
0.03 1.46 7310.3
0.03 1.47 7026.46
0.03 1.48 6758.6
0.03 1.49 6505.56
0.03 1.5 18757.6
0.03 1.51 240480
0.03 1.52 9969.34
0.03 1.53 5621.26
0.03 1.54 5427.65
0.03 1.55 5243.43
0.03 1.56 6001.59
0.03 1.57 20692.3
0.03 1.58 114910
0.03 1.59 4683.95
0.03 1.6 4440.38
0.03 1.61 4299.41
0.03 1.62 5012.92
0.03 1.63 17367.2
0.03 1.64 77653.6
0.03 1.65 3785.99
0.03 1.66 3668.72
0.03 1.67 3555.55
0.03 1.68 9907.22
0.03 1.69 121045
0.03 1.7 3240.33
0.03 1.71 3143.49
0.03 1.72 3797.09
0.03 1.73 14167.1
0.03 1.74 38435.9
0.03 1.75 4485.55
0.03 1.76 2714.49
0.03 1.77 6354.23
0.03 1.78 67625.9
0.03 1.79 2673.07
0.03 1.8 2408.92
0.03 1.81 5750.01
0.03 1.82 58480.7
0.03 1.83 2184.53
0.03 1.84 2952.75
0.03 1.85 15009
0.03 1.86 3680.22
0.03 1.87 2769.2
0.03 1.88 22216.9
0.03 1.89 1722.04
0.03 1.9 7514.01
0.03 1.91 1558.48
0.03 1.92 10432.2
0.03 1.93 2175
0.03 1.94 2035.55
0.03 1.95 9556.42
0.03 1.96 8337.93
0.03 1.97 4716.59
0.03 1.98 925.981
0.03 1.99 1555.68
0.03 2 964.553
0.03 2.01 638.144
0.03 2.02 551.328
0.03 2.03 479.322
0.03 2.04 1044.31
0.03 2.05 443.106
0.03 2.06 504.083
0.03 2.07 604.304
0.03 2.08 1240.08
0.03 2.09 889.27
0.03 2.1 4625.71
0.03 2.11 3664.95
0.03 2.12 6797.97
0.03 2.13 1671.54
0.03 2.14 13852.7
0.03 2.15 6387.11
0.03 2.16 7586.11
0.03 2.17 29554.2
0.03 2.18 2935.44
0.03 2.19 3337.23
0.03 2.2 31937.2
0.03 2.21 3803.4
0.03 2.22 6351.49
0.03 2.23 8731.59
0.03 2.24 4700.32
0.03 2.25 4989.91
0.03 2.26 40918.4
0.03 2.27 6648.81
0.03 2.28 5764.46
0.03 2.29 5975.53
0.03 2.3 6156.32
0.03 2.31 6303.94
0.03 2.32 15694.8
0.03 2.33 8043.13
0.03 2.34 6534.08
0.03 2.35 6540.61
0.03 2.36 6514.82
0.03 2.37 6459.09
0.03 2.38 6452.37
0.03 2.39 6286.7
0.03 2.4 6151.11
0.03 2.41 6013.03
0.03 2.42 5863
0.03 2.43 5704.22
0.03 2.44 5539.46
0.03 2.45 5371.11
0.03 2.46 5201.17
0.03 2.47 5031.28
0.03 2.48 11413.6
0.03 2.49 7325.09
0.03 2.5 4533.98
0.03 2.51 4374.83
0.03 2.52 5756.41
0.03 2.53 19550.4
0.03 2.54 4123.87
0.03 2.55 3780.73
0.03 2.56 3642.77
0.03 2.57 11370
0.03 2.58 10552.8
0.03 2.59 3254.05
0.03 2.6 3367.47
0.03 2.61 13098.2
0.03 2.62 4995.49
0.03 2.63 2785.4
0.03 2.64 6051
0.03 2.65 14029.8
0.03 2.66 2466.59
0.03 2.67 5457.93
0.03 2.68 10179
0.03 2.69 2171.03
0.03 2.7 9520.47
0.03 2.71 1983.56
0.03 2.72 4627.49
0.03 2.73 3056.9
0.03 2.74 4090.29
0.03 2.75 1616.67
0.03 2.76 6235.32
0.03 2.77 1881.9
0.03 2.78 1835.28
0.03 2.79 4369.91
0.03 2.8 2622.12
0.03 2.81 1063.45
0.03 2.82 1259.86
0.03 2.83 891.457
0.03 2.84 815.893
0.03 2.85 753.689
0.03 2.86 708.621
0.03 2.87 1069.36
0.03 2.88 2057.98
0.03 2.89 766.007
0.03 2.9 849.212
0.03 2.91 958.524
0.03 2.92 1399.56
0.03 2.93 1812.88
0.03 2.94 1393.57
0.03 2.95 3243.32
0.03 2.96 6212.3
0.03 2.97 7114.75
0.03 2.98 2839.56
0.03 2.99 2281.46
0.03 3 5971.47
0.03 3.01 2635.24
0.03 3.02 5015.82
0.03 3.03 2959.33
0.03 3.04 8435.94
0.03 3.05 3235.2
0.03 3.06 3350.16
0.03 3.07 4289.62
0.03 3.08 3526.43
0.03 3.09 3586.49
0.03 3.1 3627.76
0.03 3.11 3650.75
0.03 3.12 3656.38
0.03 3.13 3645.67
0.03 3.14 3935.9
0.03 3.15 3586.22
0.03 3.16 3533.33
0.03 3.17 3474.15
0.03 3.18 3406.65
0.03 3.19 3332.31
0.03 3.2 3252.41
0.03 3.21 3168.08
0.03 3.22 3080.28
0.03 3.23 3521.83
0.03 3.24 2897.55
0.03 3.25 3901.04
0.03 3.26 2709.34
0.03 3.27 2614.1
0.03 3.28 5260.91
0.03 3.29 2423.66
0.03 3.3 2967.64
0.03 3.31 4946.91
0.03 3.32 2139.76
0.03 3.33 4660.64
0.03 3.34 1953.75
0.03 3.35 3294.94
0.03 3.36 1857.27
0.03 3.37 2704.14
0.03 3.38 1755.85
0.03 3.39 2415.9
0.03 3.4 1413.26
0.03 3.41 1699.56
0.03 3.42 1490.1
0.03 3.43 1157.07
0.03 3.44 1076.63
0.03 3.45 1000.89
0.03 3.46 932.08
0.03 3.47 872.841
0.03 3.48 825.552
0.03 3.49 768.763
0.03 3.5 774.121
0.03 3.51 808.157
0.03 3.52 850.273
0.03 3.53 912.8
0.03 3.54 993.501
0.03 3.55 1088.87
0.03 3.56 1195.13
0.03 3.57 1308.7
0.03 3.58 1712.59
0.03 3.59 2593.55
0.03 3.6 1934.29
0.03 3.61 1783.96
0.03 3.62 2792.82
0.03 3.63 2002.53
0.03 3.64 2100.44
0.03 3.65 2538.08
0.03 3.66 2267.5
0.03 3.67 2334.52
0.03 3.68 2389.75
0.03 3.69 2432.86
0.03 3.7 2463.88
0.03 3.71 2483.02
0.03 3.72 2490.67
0.03 3.73 2487.2
0.03 3.74 2492.7
0.03 3.75 2412.45
0.03 3.76 2421.24
0.03 3.77 2383.74
0.03 3.78 2339.22
0.03 3.79 2288.78
0.03 3.8 2233.21
0.03 3.81 2173.23
0.03 3.82 2109.48
0.03 3.83 2042.52
0.03 3.84 1972.87
0.03 3.85 1901
0.03 3.86 1827.33
0.03 3.87 1752.22
0.03 3.88 1676.11
0.03 3.89 1599.26
0.03 3.9 1522.09
0.03 3.91 1444.92
0.03 3.92 1368.14
0.03 3.93 1292.22
0.03 3.94 1217.74
0.03 3.95 1145.43
0.03 3.96 1076.22
0.03 3.97 1011.27
0.03 3.98 951.92
0.03 3.99 898.908
0.03 4 841.417

0.04 0 21865
0.04 0.01 2857.58
0.04 0.02 13823.3
0.04 0.03 4841.1
0.04 0.04 18942.9
0.04 0.05 13793.3
0.04 0.06 3260.67
0.04 0.07 49283
0.04 0.08 9962.44
0.04 0.09 15123.6
0.04 0.1 4941.79
0.04 0.11 8448.17
0.04 0.12 13937.9
0.04 0.13 4542.9
0.04 0.14 5059.69
0.04 0.15 53449.7
0.04 0.16 6164.88
0.04 0.17 2077.61
0.04 0.18 4617.42
0.04 0.19 6537.77
0.04 0.2 1977.66
0.04 0.21 3416.4
0.04 0.22 2901.56
0.04 0.23 2492.2
0.04 0.24 1945.6
0.04 0.25 1635.98
0.04 0.26 1489.8
0.04 0.27 1346.64
0.04 0.28 2380.21
0.04 0.29 732.645
0.04 0.3 501.379
0.04 0.31 500.032
0.04 0.32 387.897
0.04 0.33 162.046
0.04 0.34 182.724
0.04 0.35 958.546
0.04 0.36 3784.29
0.04 0.37 9976.68
0.04 0.38 5395.2
0.04 0.39 457.375
0.04 0.4 283.004
0.04 0.41 383.244
0.04 0.42 467.928
0.04 0.43 826.858
0.04 0.44 835.322
0.04 0.45 4718.78
0.04 0.46 1090.46
0.04 0.47 16207.1
0.04 0.48 4465.61
0.04 0.49 2332.65
0.04 0.5 1636.94
0.04 0.51 2015.54
0.04 0.52 3004.89
0.04 0.53 5437.14
0.04 0.54 48140.6
0.04 0.55 44220.5
0.04 0.56 2650.34
0.04 0.57 114132
0.04 0.58 22610.1
0.04 0.59 5806.46
0.04 0.6 5439.1
0.04 0.61 4826.3
0.04 0.62 2452.73
0.04 0.63 19395.7
0.04 0.64 2691.79
0.04 0.65 33599.5
0.04 0.66 4764.8
0.04 0.67 3203.44
0.04 0.68 20424.6
0.04 0.69 3630.65
0.04 0.7 8287.11
0.04 0.71 13244.9
0.04 0.72 4333.14
0.04 0.73 4576.19
0.04 0.74 316600
0.04 0.75 9670.98
0.04 0.76 5313.68
0.04 0.77 5564.44
0.04 0.78 5825.97
0.04 0.79 252517
0.04 0.8 14904.6
0.04 0.81 6768.24
0.04 0.82 7154.96
0.04 0.83 7578.5
0.04 0.84 15698.1
0.04 0.85 118552
0.04 0.86 9800.64
0.04 0.87 9597.07
0.04 0.88 10179.8
0.04 0.89 10795.6
0.04 0.9 11446.1
0.04 0.91 12132.7
0.04 0.92 258666
0.04 0.93 51032
0.04 0.94 14422.7
0.04 0.95 15264.4
0.04 0.96 16144.5
0.04 0.97 17060.7
0.04 0.98 18009.9
0.04 0.99 18987
0.04 1 19985.2
0.04 1.01 20995.8
0.04 1.02 22007.8
0.04 1.03 23007.7
0.04 1.04 23980.1
0.04 1.05 24907.3
0.04 1.06 25770.2
0.04 1.07 45862
0.04 1.08 85549.9
0.04 1.09 143698
0.04 1.1 189895
0.04 1.11 193860
0.04 1.12 185391
0.04 1.13 84327.7
0.04 1.14 28281.5
0.04 1.15 27912.6
0.04 1.16 27404
0.04 1.17 26768.2
0.04 1.18 26017.1
0.04 1.19 25223.4
0.04 1.2 24343.8
0.04 1.21 23417.2
0.04 1.22 22463.7
0.04 1.23 21499
0.04 1.24 20536.4
0.04 1.25 19586.8
0.04 1.26 18659.1
0.04 1.27 17760.1
0.04 1.28 16894.5
0.04 1.29 16065.8
0.04 1.3 15275.9
0.04 1.31 14525.8
0.04 1.32 14847.1
0.04 1.33 59910.5
0.04 1.34 250967
0.04 1.35 16277.5
0.04 1.36 11357.6
0.04 1.37 10831.5
0.04 1.38 10337.3
0.04 1.39 9873.24
0.04 1.4 9437.38
0.04 1.41 9027.98
0.04 1.42 18008.6
0.04 1.43 239812
0.04 1.44 24377.4
0.04 1.45 7621.26
0.04 1.46 7319.63
0.04 1.47 7035.25
0.04 1.48 6766.88
0.04 1.49 6513.38
0.04 1.5 18902.5
0.04 1.51 296397
0.04 1.52 10129.8
0.04 1.53 5627.55
0.04 1.54 5433.62
0.04 1.55 5249.12
0.04 1.56 6011.03
0.04 1.57 20934.3
0.04 1.58 129242
0.04 1.59 4769.27
0.04 1.6 4444.91
0.04 1.61 4303.75
0.04 1.62 5019.5
0.04 1.63 17549.1
0.04 1.64 85148.4
0.04 1.65 3789.73
0.04 1.66 3672.33
0.04 1.67 3559.03
0.04 1.68 9954.51
0.04 1.69 140368
0.04 1.7 3243.42
0.04 1.71 3146.45
0.04 1.72 3792.95
0.04 1.73 14341.3
0.04 1.74 40578.4
0.04 1.75 2796.9
0.04 1.76 2716.96
0.04 1.77 6393.51
0.04 1.78 74823.5
0.04 1.79 2674.01
0.04 1.8 2411.26
0.04 1.81 5792.51
0.04 1.82 64825.9
0.04 1.83 2186.86
0.04 1.84 2966.88
0.04 1.85 15418.7
0.04 1.86 3714.78
0.04 1.87 2780.12
0.04 1.88 23212.8
0.04 1.89 1724.53
0.04 1.9 7564.03
0.04 1.91 1561.06
0.04 1.92 10532.4
0.04 1.93 2158.2
0.04 1.94 2209.27
0.04 1.95 10292.8
0.04 1.96 8802.43
0.04 1.97 5044.81
0.04 1.98 928.947
0.04 1.99 1641.3
0.04 2 1083.67
0.04 2.01 640.966
0.04 2.02 553.753
0.04 2.03 481.28
0.04 2.04 1066.25
0.04 2.05 1984.68
0.04 2.06 2291.12
0.04 2.07 600.636
0.04 2.08 1169.5
0.04 2.09 884.128
0.04 2.1 4617.09
0.04 2.11 3977.61
0.04 2.12 7380.92
0.04 2.13 1664.74
0.04 2.14 14779.4
0.04 2.15 6773.9
0.04 2.16 7963.65
0.04 2.17 29444.7
0.04 2.18 2927.2
0.04 2.19 3357.52
0.04 2.2 29479.2
0.04 2.21 3794.68
0.04 2.22 6433.79
0.04 2.23 8449.96
0.04 2.24 4691.88
0.04 2.25 4981.84
0.04 2.26 35566.2
0.04 2.27 6270.59
0.04 2.28 5758.35
0.04 2.29 5970.34
0.04 2.3 6152.14
0.04 2.31 6315.97
0.04 2.32 15907.8
0.04 2.33 7156.17
0.04 2.34 6534.25
0.04 2.35 6541.8
0.04 2.36 6516.93
0.04 2.37 6462.05
0.04 2.38 6442.36
0.04 2.39 6292.61
0.04 2.4 6155.85
0.04 2.41 6018.14
0.04 2.42 5868.38
0.04 2.43 5709.79
0.04 2.44 5545.13
0.04 2.45 5376.81
0.04 2.46 5206.86
0.04 2.47 5036.9
0.04 2.48 12689.3
0.04 2.49 6437.6
0.04 2.5 4539.26
0.04 2.51 4379.96
0.04 2.52 6147.93
0.04 2.53 21421.3
0.04 2.54 3927.42
0.04 2.55 3785.25
0.04 2.56 3682.25
0.04 2.57 12411.4
0.04 2.58 9831.11
0.04 2.59 3258.02
0.04 2.6 3485.08
0.04 2.61 14271.3
0.04 2.62 4620.35
0.04 2.63 2788.92
0.04 2.64 6337.29
0.04 2.65 13740.6
0.04 2.66 2469.82
0.04 2.67 5687.49
0.04 2.68 9871.89
0.04 2.69 2174.05
0.04 2.7 10137.5
0.04 2.71 1986.47
0.04 2.72 4801.04
0.04 2.73 2867.57
0.04 2.74 4237.72
0.04 2.75 1619.54
0.04 2.76 6563.74
0.04 2.77 1962.6
0.04 2.78 1683.44
0.04 2.79 4515.78
0.04 2.8 2798.59
0.04 2.81 1066.2
0.04 2.82 1361.79
0.04 2.83 893.938
0.04 2.84 818.043
0.04 2.85 755.347
0.04 2.86 709.836
0.04 2.87 1061.23
0.04 2.88 709.81
0.04 2.89 763.864
0.04 2.9 846.216
0.04 2.91 954.808
0.04 2.92 1277.4
0.04 2.93 1699.36
0.04 2.94 1388.58
0.04 2.95 3202.68
0.04 2.96 5993
0.04 2.97 6911.55
0.04 2.98 2977.08
0.04 2.99 2276.12
0.04 3 5624
0.04 3.01 2630.21
0.04 3.02 4672.45
0.04 3.03 2954.95
0.04 3.04 7831.4
0.04 3.05 3231.76
0.04 3.06 3347.24
0.04 3.07 3946.93
0.04 3.08 3524.67
0.04 3.09 3585.31
0.04 3.1 3627.16
0.04 3.11 3650.7
0.04 3.12 3656.84
0.04 3.13 3646.61
0.04 3.14 3865.09
0.04 3.15 3588.65
0.04 3.16 3535.35
0.04 3.17 3476.43
0.04 3.18 3409.15
0.04 3.19 3334.98
0.04 3.2 3255.22
0.04 3.21 3171
0.04 3.22 3083.27
0.04 3.23 3480.02
0.04 3.24 2900.63
0.04 3.25 4199.74
0.04 3.26 2712.45
0.04 3.27 2617.21
0.04 3.28 5499.1
0.04 3.29 2426.75
0.04 3.3 3222.22
0.04 3.31 4715.61
0.04 3.32 2142.72
0.04 3.33 5000.62
0.04 3.34 1956.7
0.04 3.35 3555.66
0.04 3.36 1773.51
0.04 3.37 2928.3
0.04 3.38 1593.23
0.04 3.39 2625.44
0.04 3.4 1416
0.04 3.41 1883.25
0.04 3.42 1422.81
0.04 3.43 1159.64
0.04 3.44 1079.11
0.04 3.45 1003.17
0.04 3.46 934.106
0.04 3.47 874.523
0.04 3.48 826.881
0.04 3.49 773.241
0.04 3.5 771.438
0.04 3.51 807.116
0.04 3.52 848.629
0.04 3.53 910.562
0.04 3.54 990.758
0.04 3.55 1085.75
0.04 3.56 1191.73
0.04 3.57 1305.16
0.04 3.58 1549.91
0.04 3.59 2482.54
0.04 3.6 2124.36
0.04 3.61 1780.54
0.04 3.62 2592.85
0.04 3.63 2089.2
0.04 3.64 2097.71
0.04 3.65 2483.24
0.04 3.66 2265.45
0.04 3.67 2332.83
0.04 3.68 2388.44
0.04 3.69 2431.94
0.04 3.7 2463.33
0.04 3.71 2482.83
0.04 3.72 2490.83
0.04 3.73 2487.69
0.04 3.74 2492.18
0.04 3.75 2410.51
0.04 3.76 2422.51
0.04 3.77 2385.23
0.04 3.78 2340.9
0.04 3.79 2290.62
0.04 3.8 2235.19
0.04 3.81 2175.34
0.04 3.82 2111.68
0.04 3.83 2044.81
0.04 3.84 1975.23
0.04 3.85 1903.4
0.04 3.86 1829.78
0.04 3.87 1754.7
0.04 3.88 1678.61
0.04 3.89 1601.76
0.04 3.9 1524.6
0.04 3.91 1447.42
0.04 3.92 1370.61
0.04 3.93 1294.64
0.04 3.94 1220.1
0.04 3.95 1147.71
0.04 3.96 1078.37
0.04 3.97 1013.26
0.04 3.98 4322.77
0.04 3.99 900.555
0.04 4 844.43

0.05 0 22030.3
0.05 0.01 48303.1
0.05 0.02 12703.1
0.05 0.03 51730.4
0.05 0.04 16844.9
0.05 0.05 3949.01
0.05 0.06 13372
0.05 0.07 3649.47
0.05 0.08 11989.8
0.05 0.09 21335.9
0.05 0.1 7865.53
0.05 0.11 7069.34
0.05 0.12 37812.6
0.05 0.13 3972.36
0.05 0.14 67830.5
0.05 0.15 9021.93
0.05 0.16 29523.6
0.05 0.17 1325.64
0.05 0.18 5260.47
0.05 0.19 2853.15
0.05 0.2 1034.25
0.05 0.21 4918.65
0.05 0.22 2837.84
0.05 0.23 2560.3
0.05 0.24 2048.58
0.05 0.25 1719.71
0.05 0.26 1540.77
0.05 0.27 1363.72
0.05 0.28 1077.05
0.05 0.29 716.938
0.05 0.3 507.097
0.05 0.31 514.068
0.05 0.32 391.584
0.05 0.33 166.903
0.05 0.34 2454.52
0.05 0.35 1879.62
0.05 0.36 1108.96
0.05 0.37 497.36
0.05 0.38 101.284
0.05 0.39 908.659
0.05 0.4 279.413
0.05 0.41 380.847
0.05 0.42 465.631
0.05 0.43 798.489
0.05 0.44 917.464
0.05 0.45 4853.19
0.05 0.46 1676.44
0.05 0.47 16238.6
0.05 0.48 5567.84
0.05 0.49 2726.58
0.05 0.5 2003.98
0.05 0.51 2315.01
0.05 0.52 3341.95
0.05 0.53 6197.59
0.05 0.54 84219.2
0.05 0.55 5234.13
0.05 0.56 2893.84
0.05 0.57 214181
0.05 0.58 1923.96
0.05 0.59 6225.31
0.05 0.6 8614.29
0.05 0.61 5029.21
0.05 0.62 2436.69
0.05 0.63 20901.9
0.05 0.64 2687.76
0.05 0.65 28200.2
0.05 0.66 4912.06
0.05 0.67 3197.59
0.05 0.68 21751.2
0.05 0.69 3624.14
0.05 0.7 7490.61
0.05 0.71 13593.4
0.05 0.72 4326.21
0.05 0.73 4569.21
0.05 0.74 254609
0.05 0.75 9699.8
0.05 0.76 5306.63
0.05 0.77 5557.2
0.05 0.78 5818.27
0.05 0.79 222910
0.05 0.8 14800.9
0.05 0.81 6757.71
0.05 0.82 7143.35
0.05 0.83 7565.9
0.05 0.84 15719.2
0.05 0.85 108742
0.05 0.86 9683.66
0.05 0.87 9581.05
0.05 0.88 10162.9
0.05 0.89 10777.8
0.05 0.9 11427.4
0.05 0.91 12113.1
0.05 0.92 251547
0.05 0.93 47214.2
0.05 0.94 14400.1
0.05 0.95 15240.9
0.05 0.96 16120.1
0.05 0.97 17035.6
0.05 0.98 17984.1
0.05 0.99 18960.8
0.05 1 19958.9
0.05 1.01 20969.7
0.05 1.02 21982.3
0.05 1.03 22983.2
0.05 1.04 23957.1
0.05 1.05 24886.3
0.05 1.06 26710.1
0.05 1.07 51711.1
0.05 1.08 97929.3
0.05 1.09 161442
0.05 1.1 200573
0.05 1.11 193000
0.05 1.12 168112
0.05 1.13 69288.5
0.05 1.14 28298.3
0.05 1.15 27933.6
0.05 1.16 27428.7
0.05 1.17 26796.3
0.05 1.18 26047.7
0.05 1.19 25255.2
0.05 1.2 24377
0.05 1.21 23451
0.05 1.22 22497.7
0.05 1.23 21532.7
0.05 1.24 20569.4
0.05 1.25 19619
0.05 1.26 18690.2
0.05 1.27 17789.8
0.05 1.28 16922.9
0.05 1.29 16092.7
0.05 1.3 15301.4
0.05 1.31 14549.9
0.05 1.32 14863.2
0.05 1.33 60827.8
0.05 1.34 302170
0.05 1.35 16732.8
0.05 1.36 11375.2
0.05 1.37 10848
0.05 1.38 10352.8
0.05 1.39 9887.72
0.05 1.4 9450.97
0.05 1.41 9040.71
0.05 1.42 17902.6
0.05 1.43 265889
0.05 1.44 25479
0.05 1.45 7631.17
0.05 1.46 7328.96
0.05 1.47 7044.03
0.05 1.48 6775.17
0.05 1.49 6521.2
0.05 1.5 18816.3
0.05 1.51 375518
0.05 1.52 10464.9
0.05 1.53 5633.83
0.05 1.54 5439.59
0.05 1.55 5254.79
0.05 1.56 5989.87
0.05 1.57 20905.4
0.05 1.58 150056
0.05 1.59 4951.59
0.05 1.6 4449.43
0.05 1.61 4308.1
0.05 1.62 5003.25
0.05 1.63 17531.3
0.05 1.64 95864.8
0.05 1.65 3793.47
0.05 1.66 3675.94
0.05 1.67 3562.51
0.05 1.68 9927.24
0.05 1.69 165500
0.05 1.7 3246.51
0.05 1.71 3149.41
0.05 1.72 3767.72
0.05 1.73 14377.2
0.05 1.74 43661.1
0.05 1.75 2799.44
0.05 1.76 2719.43
0.05 1.77 6399.29
0.05 1.78 82153.5
0.05 1.79 2714.71
0.05 1.8 2413.6
0.05 1.81 5807.03
0.05 1.82 71986.2
0.05 1.83 2189.2
0.05 1.84 2971.77
0.05 1.85 15696.8
0.05 1.86 3806.14
0.05 1.87 2782.15
0.05 1.88 24038.4
0.05 1.89 1727.02
0.05 1.9 7570.74
0.05 1.91 1563.63
0.05 1.92 10558.1
0.05 1.93 2132.68
0.05 1.94 2430.17
0.05 1.95 11131
0.05 1.96 9280.68
0.05 1.97 5425.72
0.05 1.98 931.92
0.05 1.99 1721.43
0.05 2 1211.07
0.05 2.01 643.774
0.05 2.02 556.192
0.05 2.03 4541.05
0.05 2.04 737.215
0.05 2.05 440.079
0.05 2.06 499.074
0.05 2.07 597.009
0.05 2.08 1099.07
0.05 2.09 930.285
0.05 2.1 4482.83
0.05 2.11 4281.66
0.05 2.12 7893.83
0.05 2.13 1657.99
0.05 2.14 15396.6
0.05 2.15 7150.97
0.05 2.16 8311.73
0.05 2.17 28802.5
0.05 2.18 2918.97
0.05 2.19 3371.09
0.05 2.2 27596.6
0.05 2.21 3785.98
0.05 2.22 6596.44
0.05 2.23 8136.67
0.05 2.24 4683.46
0.05 2.25 4973.77
0.05 2.26 30843
0.05 2.27 5902.9
0.05 2.28 5752.23
0.05 2.29 5965.13
0.05 2.3 6147.93
0.05 2.31 7710.52
0.05 2.32 15444.5
0.05 2.33 6491.29
0.05 2.34 6534.4
0.05 2.35 6542.97
0.05 2.36 6519.03
0.05 2.37 6464.99
0.05 2.38 6434.26
0.05 2.39 6298.69
0.05 2.4 6160.58
0.05 2.41 6023.24
0.05 2.42 5873.76
0.05 2.43 5715.34
0.05 2.44 5975.4
0.05 2.45 5382.51
0.05 2.46 5212.54
0.05 2.47 5042.53
0.05 2.48 14052.9
0.05 2.49 5646.14
0.05 2.5 4544.54
0.05 2.51 4385.09
0.05 2.52 6558.27
0.05 2.53 23273.3
0.05 2.54 3932.09
0.05 2.55 3789.76
0.05 2.56 3830.37
0.05 2.57 13529.3
0.05 2.58 9190.71
0.05 2.59 3261.99
0.05 2.6 3598.95
0.05 2.61 15517.6
0.05 2.62 4306.66
0.05 2.63 2792.44
0.05 2.64 6616.66
0.05 2.65 13484.3
0.05 2.66 2473.06
0.05 2.67 5908.07
0.05 2.68 9614.35
0.05 2.69 2177.08
0.05 2.7 10766.1
0.05 2.71 1989.39
0.05 2.72 4965.99
0.05 2.73 2709.05
0.05 2.74 4377.39
0.05 2.75 1622.4
0.05 2.76 6897.26
0.05 2.77 2036.41
0.05 2.78 1546.82
0.05 2.79 4655.45
0.05 2.8 2976.51
0.05 2.81 1199.12
0.05 2.82 1427.67
0.05 2.83 896.425
0.05 2.84 820.203
0.05 2.85 757.025
0.05 2.86 711.043
0.05 2.87 771.541
0.05 2.88 708.38
0.05 2.89 761.75
0.05 2.9 843.248
0.05 2.91 951.106
0.05 2.92 1152.88
0.05 2.93 1583.72
0.05 2.94 1383.62
0.05 2.95 3178.79
0.05 2.96 5791.39
0.05 2.97 6724.47
0.05 2.98 3135.49
0.05 2.99 2270.77
0.05 3 5291.29
0.05 3.01 2625.19
0.05 3.02 4350.9
0.05 3.03 2950.57
0.05 3.04 7208.63
0.05 3.05 3228.31
0.05 3.06 3344.31
0.05 3.07 3618.19
0.05 3.08 3522.89
0.05 3.09 3584.12
0.05 3.1 3626.54
0.05 3.11 3650.63
0.05 3.12 3657.29
0.05 3.13 3647.53
0.05 3.14 3808.2
0.05 3.15 3591.17
0.05 3.16 3537.35
0.05 3.17 3478.71
0.05 3.18 3411.65
0.05 3.19 3337.65
0.05 3.2 3258.03
0.05 3.21 3173.92
0.05 3.22 3086.26
0.05 3.23 3350.48
0.05 3.24 2903.71
0.05 3.25 4490.04
0.05 3.26 2715.55
0.05 3.27 2620.34
0.05 3.28 5661.95
0.05 3.29 2429.83
0.05 3.3 3490.66
0.05 3.31 4400.83
0.05 3.32 2145.64
0.05 3.33 5342.83
0.05 3.34 1959.65
0.05 3.35 3829.02
0.05 3.36 1776.38
0.05 3.37 3159.9
0.05 3.38 1596.04
0.05 3.39 2836.76
0.05 3.4 1418.74
0.05 3.41 2059.12
0.05 3.42 1310.34
0.05 3.43 1162.21
0.05 3.44 1081.6
0.05 3.45 1005.47
0.05 3.46 936.139
0.05 3.47 876.214
0.05 3.48 828.213
0.05 3.49 777.252
0.05 3.5 768.353
0.05 3.51 806.088
0.05 3.52 847.011
0.05 3.53 908.343
0.05 3.54 988.032
0.05 3.55 1082.63
0.05 3.56 1188.33
0.05 3.57 1301.63
0.05 3.58 1419.72
0.05 3.59 2353.33
0.05 3.6 2280.92
0.05 3.61 1777.12
0.05 3.62 2390.46
0.05 3.63 2316.94
0.05 3.64 2094.99
0.05 3.65 2388.18
0.05 3.66 2263.39
0.05 3.67 2331.14
0.05 3.68 2387.12
0.05 3.69 2431
0.05 3.7 2462.77
0.05 3.71 2482.64
0.05 3.72 2490.98
0.05 3.73 2488.17
0.05 3.74 2491.59
0.05 3.75 2409
0.05 3.76 3455.91
0.05 3.77 2386.72
0.05 3.78 2342.58
0.05 3.79 2292.46
0.05 3.8 2237.17
0.05 3.81 2177.43
0.05 3.82 2113.88
0.05 3.83 2047.09
0.05 3.84 1977.58
0.05 3.85 1905.8
0.05 3.86 1832.22
0.05 3.87 1757.19
0.05 3.88 1681.1
0.05 3.89 1604.27
0.05 3.9 1527.11
0.05 3.91 1449.91
0.05 3.92 1373.08
0.05 3.93 1297.07
0.05 3.94 1222.46
0.05 3.95 1149.98
0.05 3.96 1080.53
0.05 3.97 1015.26
0.05 3.98 955.526
0.05 3.99 2072.58
0.05 4 847.235

0.06 0 2384.57
0.06 0.01 3047.16
0.06 0.02 10513.2
0.06 0.03 318406
0.06 0.04 76132.3
0.06 0.05 18522.3
0.06 0.06 10343.7
0.06 0.07 287781
0.06 0.08 7189.32
0.06 0.09 27196.7
0.06 0.1 9400.51
0.06 0.11 11105.4
0.06 0.12 3326.58
0.06 0.13 29563.1
0.06 0.14 23978.5
0.06 0.15 4208.78
0.06 0.16 7421.64
0.06 0.17 2266.8
0.06 0.18 3963.34
0.06 0.19 8368.27
0.06 0.2 854.781
0.06 0.21 2436.23
0.06 0.22 2753.55
0.06 0.23 2599.96
0.06 0.24 2133.65
0.06 0.25 1792.43
0.06 0.26 1583.78
0.06 0.27 1375.13
0.06 0.28 1061.95
0.06 0.29 1368.03
0.06 0.3 514.773
0.06 0.31 527.792
0.06 0.32 394.735
0.06 0.33 171.981
0.06 0.34 2317.22
0.06 0.35 885.269
0.06 0.36 2269.28
0.06 0.37 426.675
0.06 0.38 311.08
0.06 0.39 402.757
0.06 0.4 789.364
0.06 0.41 378.492
0.06 0.42 463.36
0.06 0.43 763.892
0.06 0.44 1182.52
0.06 0.45 4244.57
0.06 0.46 2199.92
0.06 0.47 11716.7
0.06 0.48 7152.36
0.06 0.49 3130.38
0.06 0.5 2338.6
0.06 0.51 2602.7
0.06 0.52 3819.18
0.06 0.53 7117.72
0.06 0.54 181864
0.06 0.55 15061.7
0.06 0.56 7772.07
0.06 0.57 453574
0.06 0.58 1920.31
0.06 0.59 6659.29
0.06 0.6 6021.91
0.06 0.61 5218.01
0.06 0.62 2433.28
0.06 0.63 22267.5
0.06 0.64 2683.76
0.06 0.65 24415
0.06 0.66 5039.76
0.06 0.67 3191.79
0.06 0.68 22868.8
0.06 0.69 3617.68
0.06 0.7 6997.17
0.06 0.71 13814.6
0.06 0.72 4319.32
0.06 0.73 4562.26
0.06 0.74 215463
0.06 0.75 9654.76
0.06 0.76 5299.63
0.06 0.77 5550
0.06 0.78 5810.64
0.06 0.79 203103
0.06 0.8 14545.6
0.06 0.81 6747.26
0.06 0.82 7131.83
0.06 0.83 7553.39
0.06 0.84 15998.6
0.06 0.85 97035.1
0.06 0.86 9498.21
0.06 0.87 9565.14
0.06 0.88 10146.2
0.06 0.89 10760.2
0.06 0.9 11408.8
0.06 0.91 12412.1
0.06 0.92 245888
0.06 0.93 42953.5
0.06 0.94 14377.7
0.06 0.95 15217.6
0.06 0.96 16095.9
0.06 0.97 17010.6
0.06 0.98 17958.6
0.06 0.99 18934.8
0.06 1 19932.8
0.06 1.01 20943.8
0.06 1.02 21956.8
0.06 1.03 22958.8
0.06 1.04 23934.2
0.06 1.05 24865.5
0.06 1.06 30040.6
0.06 1.07 59429.4
0.06 1.08 112946
0.06 1.09 175973
0.06 1.1 197290
0.06 1.11 176791
0.06 1.12 142607
0.06 1.13 56921.3
0.06 1.14 28315
0.06 1.15 27954.5
0.06 1.16 27453.3
0.06 1.17 26824.3
0.06 1.18 26078.3
0.06 1.19 25286.9
0.06 1.2 24410.1
0.06 1.21 23484.9
0.06 1.22 22531.6
0.06 1.23 21566.4
0.06 1.24 20602.5
0.06 1.25 19651.1
0.06 1.26 18721.2
0.06 1.27 17819.5
0.06 1.28 16951.2
0.06 1.29 16119.7
0.06 1.3 15326.9
0.06 1.31 14574
0.06 1.32 14725.5
0.06 1.33 60121.5
0.06 1.34 386314
0.06 1.35 17496.3
0.06 1.36 11392.8
0.06 1.37 10864.5
0.06 1.38 10368.2
0.06 1.39 9902.21
0.06 1.4 9464.54
0.06 1.41 9053.44
0.06 1.42 17586.7
0.06 1.43 278735
0.06 1.44 27154.5
0.06 1.45 7641.07
0.06 1.46 7338.28
0.06 1.47 7052.81
0.06 1.48 6783.45
0.06 1.49 6529.02
0.06 1.5 18501.2
0.06 1.51 488105
0.06 1.52 10992.1
0.06 1.53 5640.11
0.06 1.54 5445.56
0.06 1.55 5260.47
0.06 1.56 5938.52
0.06 1.57 20602.1
0.06 1.58 181561
0.06 1.59 5253.34
0.06 1.6 4453.95
0.06 1.61 4312.43
0.06 1.62 4964.32
0.06 1.63 17311.5
0.06 1.64 111515
0.06 1.65 3797.2
0.06 1.66 3679.54
0.06 1.67 3565.98
0.06 1.68 9825.76
0.06 1.69 198400
0.06 1.7 3249.59
0.06 1.71 3152.37
0.06 1.72 3718.47
0.06 1.73 14270.3
0.06 1.74 48016.7
0.06 1.75 2801.97
0.06 1.76 2721.89
0.06 1.77 6371.12
0.06 1.78 89092.6
0.06 1.79 2794.99
0.06 1.8 2415.93
0.06 1.81 5792.96
0.06 1.82 79944.9
0.06 1.83 2191.52
0.06 1.84 2967.3
0.06 1.85 15824.9
0.06 1.86 3960.26
0.06 1.87 2775.17
0.06 1.88 24633.4
0.06 1.89 1729.5
0.06 1.9 7533
0.06 1.91 1566.2
0.06 1.92 10504.6
0.06 1.93 2098.2
0.06 1.94 2707.07
0.06 1.95 12071.6
0.06 1.96 9756.35
0.06 1.97 5863.48
0.06 1.98 934.897
0.06 1.99 1795.18
0.06 2 1340.88
0.06 2.01 646.588
0.06 2.02 558.632
0.06 2.03 1045.8
0.06 2.04 451.202
0.06 2.05 438.543
0.06 2.06 1850.92
0.06 2.07 593.421
0.06 2.08 1029.14
0.06 2.09 997.407
0.06 2.1 4236.29
0.06 2.11 4566.32
0.06 2.12 8279.29
0.06 2.13 1651.29
0.06 2.14 15632.9
0.06 2.15 7509.14
0.06 2.16 8620.25
0.06 2.17 27769
0.06 2.18 2910.77
0.06 2.19 3376.14
0.06 2.2 26154.4
0.06 2.21 3777.3
0.06 2.22 6845.15
0.06 2.23 7799.92
0.06 2.24 4675.04
0.06 2.25 4965.7
0.06 2.26 26710.3
0.06 2.27 5547.88
0.06 2.28 5746.09
0.06 2.29 5959.9
0.06 2.3 6143.7
0.06 2.31 9313.29
0.06 2.32 14428
0.06 2.33 6490.34
0.06 2.34 6534.52
0.06 2.35 6544.1
0.06 2.36 6521.1
0.06 2.37 6467.91
0.06 2.38 6427.96
0.06 2.39 6304.95
0.06 2.4 6165.3
0.06 2.41 6028.33
0.06 2.42 5879.12
0.06 2.43 5720.89
0.06 2.44 6488.18
0.06 2.45 5388.21
0.06 2.46 5218.22
0.06 2.47 5048.16
0.06 2.48 15475.3
0.06 2.49 4961.01
0.06 2.5 4549.82
0.06 2.51 4390.21
0.06 2.52 6985.78
0.06 2.53 25064
0.06 2.54 3936.75
0.06 2.55 3794.28
0.06 2.56 3972.86
0.06 2.57 14719.1
0.06 2.58 8638.4
0.06 2.59 3265.96
0.06 2.6 3706.62
0.06 2.61 16829
0.06 2.62 4046.46
0.06 2.63 2795.96
0.06 2.64 6884.42
0.06 2.65 13286.2
0.06 2.66 2476.29
0.06 2.67 6115.97
0.06 2.68 9418
0.06 2.69 2180.11
0.06 2.7 11398.3
0.06 2.71 1992.31
0.06 2.72 5119.88
0.06 2.73 2581.31
0.06 2.74 4507.46
0.06 2.75 1625.25
0.06 2.76 7233.52
0.06 2.77 2103.2
0.06 2.78 1426.17
0.06 2.79 4790.77
0.06 2.8 3156.21
0.06 2.81 1352.15
0.06 2.82 1449.77
0.06 2.83 898.936
0.06 2.84 822.375
0.06 2.85 758.718
0.06 2.86 712.247
0.06 2.87 559.195
0.06 2.88 4247.26
0.06 2.89 759.665
0.06 2.9 840.308
0.06 2.91 947.424
0.06 2.92 1075.73
0.06 2.93 1466.7
0.06 2.94 1378.67
0.06 2.95 3168.4
0.06 2.96 5603.46
0.06 2.97 6547.62
0.06 2.98 3313.25
0.06 2.99 2265.43
0.06 3 4973.56
0.06 3.01 2620.17
0.06 3.02 4049.09
0.06 3.03 2946.18
0.06 3.04 6596.88
0.06 3.05 3224.84
0.06 3.06 3392.46
0.06 3.07 3440.4
0.06 3.08 3521.09
0.06 3.09 3582.91
0.06 3.1 3625.91
0.06 3.11 3650.54
0.06 3.12 3657.72
0.06 3.13 3648.45
0.06 3.14 3763.65
0.06 3.15 3593.8
0.06 3.16 3539.35
0.06 3.17 3480.97
0.06 3.18 3414.13
0.06 3.19 3340.31
0.06 3.2 3260.83
0.06 3.21 3176.83
0.06 3.22 3089.24
0.06 3.23 3136.29
0.06 3.24 2906.78
0.06 3.25 4757.7
0.06 3.26 2718.66
0.06 3.27 2834.9
0.06 3.28 5728.22
0.06 3.29 2432.91
0.06 3.3 3774.8
0.06 3.31 4027.47
0.06 3.32 2148.54
0.06 3.33 5678.84
0.06 3.34 1962.6
0.06 3.35 4116.04
0.06 3.36 1779.26
0.06 3.37 3399.76
0.06 3.38 1598.86
0.06 3.39 3049.27
0.06 3.4 1421.48
0.06 3.41 2223.13
0.06 3.42 1248.6
0.06 3.43 1164.78
0.06 3.44 1084.09
0.06 3.45 1007.77
0.06 3.46 938.179
0.06 3.47 877.915
0.06 3.48 6390.55
0.06 3.49 780.797
0.06 3.5 764.815
0.06 3.51 805.071
0.06 3.52 845.413
0.06 3.53 1827.88
0.06 3.54 985.324
0.06 3.55 1079.53
0.06 3.56 1184.94
0.06 3.57 1298.11
0.06 3.58 1416.07
0.06 3.59 2209.86
0.06 3.6 2395.44
0.06 3.61 1773.69
0.06 3.62 2187.41
0.06 3.63 2494.18
0.06 3.64 2092.26
0.06 3.65 2261.97
0.06 3.66 2261.32
0.06 3.67 2329.43
0.06 3.68 2385.79
0.06 3.69 2430.05
0.06 3.7 2462.2
0.06 3.71 2482.43
0.06 3.72 2491.12
0.06 3.73 2488.65
0.06 3.74 2490.97
0.06 3.75 2408.11
0.06 3.76 2425.02
0.06 3.77 2388.2
0.06 3.78 2344.25
0.06 3.79 2294.29
0.06 3.8 2239.14
0.06 3.81 2179.52
0.06 3.82 2116.07
0.06 3.83 2049.37
0.06 3.84 1979.93
0.06 3.85 1908.2
0.06 3.86 1834.66
0.06 3.87 1759.67
0.06 3.88 1683.58
0.06 3.89 1606.78
0.06 3.9 1529.62
0.06 3.91 1452.4
0.06 3.92 1375.54
0.06 3.93 1299.5
0.06 3.94 1224.83
0.06 3.95 1152.26
0.06 3.96 1082.69
0.06 3.97 1352.51
0.06 3.98 957.338
0.06 3.99 903.841
0.06 4 849.857

0.07 0 4705.61
0.07 0.01 5140.84
0.07 0.02 10992.3
0.07 0.03 340678
0.07 0.04 892500
0.07 0.05 15730.2
0.07 0.06 3206.18
0.07 0.07 3201.91
0.07 0.08 27649
0.07 0.09 30383.2
0.07 0.1 727.46
0.07 0.11 5271.83
0.07 0.12 4925.21
0.07 0.13 3695.11
0.07 0.14 8408.88
0.07 0.15 3128.03
0.07 0.16 7457.1
0.07 0.17 775.964
0.07 0.18 16834.8
0.07 0.19 3880.3
0.07 0.2 714.238
0.07 0.21 1942.39
0.07 0.22 2654.52
0.07 0.23 2613.29
0.07 0.24 2200.26
0.07 0.25 1853.44
0.07 0.26 1618.7
0.07 0.27 1380.91
0.07 0.28 1041.33
0.07 0.29 686.09
0.07 0.3 731.771
0.07 0.31 541.131
0.07 0.32 397.405
0.07 0.33 177.343
0.07 0.34 1586.92
0.07 0.35 3612.17
0.07 0.36 1812
0.07 0.37 21734.3
0.07 0.38 21.453
0.07 0.39 390.025
0.07 0.4 272.001
0.07 0.41 376.16
0.07 0.42 461.114
0.07 0.43 726.937
0.07 0.44 1490.57
0.07 0.45 3052.24
0.07 0.46 2730.98
0.07 0.47 6794.07
0.07 0.48 9623.67
0.07 0.49 3513.47
0.07 0.5 2662.27
0.07 0.51 2888.87
0.07 0.52 3823.77
0.07 0.53 8254.1
0.07 0.54 620660
0.07 0.55 5102.63
0.07 0.56 3205.21
0.07 0.57 834875
0.07 0.58 1916.7
0.07 0.59 7104.44
0.07 0.6 4739.77
0.07 0.61 5390.53
0.07 0.62 2429.88
0.07 0.63 23412.7
0.07 0.64 2679.81
0.07 0.65 21705.5
0.07 0.66 5146.15
0.07 0.67 3186.03
0.07 0.68 23707.5
0.07 0.69 3611.27
0.07 0.7 6779.75
0.07 0.71 13898.1
0.07 0.72 4312.47
0.07 0.73 4555.36
0.07 0.74 189075
0.07 0.75 9538.09
0.07 0.76 5292.67
0.07 0.77 5542.86
0.07 0.78 5803.07
0.07 0.79 188952
0.07 0.8 14153.6
0.07 0.81 6736.9
0.07 0.82 7120.4
0.07 0.83 7540.97
0.07 0.84 16545.4
0.07 0.85 84840.7
0.07 0.86 9251.75
0.07 0.87 9549.34
0.07 0.88 10129.5
0.07 0.89 10742.7
0.07 0.9 11390.4
0.07 0.91 13234.7
0.07 0.92 237928
0.07 0.93 38559.9
0.07 0.94 14355.4
0.07 0.95 15194.3
0.07 0.96 16071.8
0.07 0.97 16985.8
0.07 0.98 17933.1
0.07 0.99 18909
0.07 1 19906.8
0.07 1.01 20917.9
0.07 1.02 21931.5
0.07 1.03 22934.5
0.07 1.04 23911.3
0.07 1.05 24844.7
0.07 1.06 34427.7
0.07 1.07 69390.2
0.07 1.08 129082
0.07 1.09 180086
0.07 1.1 177162
0.07 1.11 148891
0.07 1.12 114706
0.07 1.13 46825.7
0.07 1.14 28331.5
0.07 1.15 27975.2
0.07 1.16 27477.8
0.07 1.17 26852.1
0.07 1.18 26108.8
0.07 1.19 25318.4
0.07 1.2 24443.2
0.07 1.21 23518.6
0.07 1.22 22565.6
0.07 1.23 21600
0.07 1.24 20635.5
0.07 1.25 19683.2
0.07 1.26 18752.1
0.07 1.27 17849.3
0.07 1.28 16979.6
0.07 1.29 16146.6
0.07 1.3 15352.4
0.07 1.31 14598
0.07 1.32 14440.3
0.07 1.33 57830.7
0.07 1.34 539084
0.07 1.35 18623.2
0.07 1.36 11410.4
0.07 1.37 10881
0.07 1.38 10383.7
0.07 1.39 9916.69
0.07 1.4 9478.12
0.07 1.41 9066.17
0.07 1.42 17077.7
0.07 1.43 271323
0.07 1.44 29557.3
0.07 1.45 7650.98
0.07 1.46 7347.6
0.07 1.47 7061.59
0.07 1.48 6791.72
0.07 1.49 6536.83
0.07 1.5 17973.9
0.07 1.51 637040
0.07 1.52 11737.3
0.07 1.53 5646.39
0.07 1.54 5451.52
0.07 1.55 5266.14
0.07 1.56 5858.17
0.07 1.57 20040.3
0.07 1.58 231985
0.07 1.59 5721.29
0.07 1.6 4458.47
0.07 1.61 4316.77
0.07 1.62 4903.28
0.07 1.63 16899.4
0.07 1.64 135163
0.07 1.65 3800.92
0.07 1.66 3683.13
0.07 1.67 3569.45
0.07 1.68 9653.42
0.07 1.69 240482
0.07 1.7 3329.29
0.07 1.71 3155.32
0.07 1.72 3640.6
0.07 1.73 14023.8
0.07 1.74 54168.8
0.07 1.75 2804.49
0.07 1.76 2724.35
0.07 1.77 6309.56
0.07 1.78 94798.5
0.07 1.79 2924.52
0.07 1.8 2418.26
0.07 1.81 5750.41
0.07 1.82 88465.7
0.07 1.83 2193.85
0.07 1.84 2953.37
0.07 1.85 15790.9
0.07 1.86 4184.57
0.07 1.87 2759.09
0.07 1.88 24939.9
0.07 1.89 1731.98
0.07 1.9 7451.07
0.07 1.91 1568.76
0.07 1.92 10370.4
0.07 1.93 2054.49
0.07 1.94 3051.05
0.07 1.95 13105.4
0.07 1.96 10206.8
0.07 1.97 6360.46
0.07 1.98 937.88
0.07 1.99 1861.66
0.07 2 1469.44
0.07 2.01 649.429
0.07 2.02 561.084
0.07 2.03 487.164
0.07 2.04 387.025
0.07 2.05 436.98
0.07 2.06 494.229
0.07 2.07 589.871
0.07 2.08 960.051
0.07 2.09 1057.19
0.07 2.1 3906.66
0.07 2.11 4817.32
0.07 2.12 8484.53
0.07 2.13 1644.59
0.07 2.14 15477.3
0.07 2.15 7838.6
0.07 2.16 8879.97
0.07 2.17 26490.9
0.07 2.18 2902.59
0.07 2.19 3371.19
0.07 2.2 25051.3
0.07 2.21 3768.64
0.07 2.22 7186.13
0.07 2.23 7447.45
0.07 2.24 4666.63
0.07 2.25 5272.87
0.07 2.26 23124.2
0.07 2.27 5499.05
0.07 2.28 5739.95
0.07 2.29 5954.65
0.07 2.3 6139.45
0.07 2.31 11041.6
0.07 2.32 13077.6
0.07 2.33 6489.35
0.07 2.34 6534.62
0.07 2.35 6545.21
0.07 2.36 6523.14
0.07 2.37 6470.8
0.07 2.38 6423.27
0.07 2.39 6311.42
0.07 2.4 6170.01
0.07 2.41 6033.4
0.07 2.42 5884.47
0.07 2.43 5726.43
0.07 2.44 7023.29
0.07 2.45 5393.9
0.07 2.46 5223.9
0.07 2.47 5335.34
0.07 2.48 16916.5
0.07 2.49 4718.5
0.07 2.5 4555.1
0.07 2.51 4395.34
0.07 2.52 7427.77
0.07 2.53 26765.1
0.07 2.54 3941.42
0.07 2.55 3798.79
0.07 2.56 4107.44
0.07 2.57 15972.4
0.07 2.58 8176.33
0.07 2.59 3269.93
0.07 2.6 3805.77
0.07 2.61 18193.3
0.07 2.62 3835.19
0.07 2.63 2799.48
0.07 2.64 7135.3
0.07 2.65 13167.3
0.07 2.66 2479.52
0.07 2.67 6307.2
0.07 2.68 9292.31
0.07 2.69 2183.13
0.07 2.7 12024.1
0.07 2.71 1995.22
0.07 2.72 5260.1
0.07 2.73 2484.43
0.07 2.74 4625.97
0.07 2.75 1628.11
0.07 2.76 7569.52
0.07 2.77 2162.79
0.07 2.78 1351.61
0.07 2.79 4924.32
0.07 2.8 3338
0.07 2.81 1509.86
0.07 2.82 1424.42
0.07 2.83 901.472
0.07 2.84 824.557
0.07 2.85 760.421
0.07 2.86 713.449
0.07 2.87 739.047
0.07 2.88 705.484
0.07 2.89 757.611
0.07 2.9 837.396
0.07 2.91 943.771
0.07 2.92 1071.52
0.07 2.93 1349.42
0.07 2.94 1373.73
0.07 2.95 3168.31
0.07 2.96 5425.5
0.07 2.97 6375.64
0.07 2.98 3508.25
0.07 2.99 2260.08
0.07 3 4670.69
0.07 3.01 2725.17
0.07 3.02 3764.95
0.07 3.03 2941.79
0.07 3.04 6015.43
0.07 3.05 3221.37
0.07 3.06 3964.18
0.07 3.07 3437.99
0.07 3.08 3519.28
0.07 3.09 3581.69
0.07 3.1 3625.26
0.07 3.11 3650.45
0.07 3.12 3658.14
0.07 3.13 3649.34
0.07 3.14 3729.41
0.07 3.15 3596.56
0.07 3.16 3541.34
0.07 3.17 3483.23
0.07 3.18 3416.61
0.07 3.19 3342.97
0.07 3.2 3263.63
0.07 3.21 3179.73
0.07 3.22 3092.23
0.07 3.23 3002.11
0.07 3.24 2909.85
0.07 3.25 4984.16
0.07 3.26 2721.77
0.07 3.27 3080.16
0.07 3.28 5684.18
0.07 3.29 2435.98
0.07 3.3 4076.76
0.07 3.31 3622.26
0.07 3.32 2151.43
0.07 3.33 5998.18
0.07 3.34 1965.53
0.07 3.35 4417.36
0.07 3.36 1782.14
0.07 3.37 3648.61
0.07 3.38 1601.67
0.07 3.39 3261.93
0.07 3.4 1424.22
0.07 3.41 2370.76
0.07 3.42 1251.24
0.07 3.43 1167.36
0.07 3.44 1086.57
0.07 3.45 1010.07
0.07 3.46 940.226
0.07 3.47 4579.83
0.07 3.48 830.89
0.07 3.49 783.929
0.07 3.5 760.816
0.07 3.51 804.064
0.07 3.52 843.837
0.07 3.53 903.962
0.07 3.54 982.633
0.07 3.55 1076.43
0.07 3.56 1181.56
0.07 3.57 1294.6
0.07 3.58 1412.44
0.07 3.59 2055.53
0.07 3.6 2462.97
0.07 3.61 1770.26
0.07 3.62 1984.98
0.07 3.63 2610.38
0.07 3.64 2089.52
0.07 3.65 2179.55
0.07 3.66 2259.24
0.07 3.67 2327.72
0.07 3.68 2384.46
0.07 3.69 2429.1
0.07 3.7 2461.62
0.07 3.71 2482.21
0.07 3.72 2491.25
0.07 3.73 2489.11
0.07 3.74 2490.37
0.07 3.75 2408.03
0.07 3.76 4085.39
0.07 3.77 2393.65
0.07 3.78 2345.91
0.07 3.79 2296.12
0.07 3.8 2241.11
0.07 3.81 2181.61
0.07 3.82 2118.26
0.07 3.83 2051.64
0.07 3.84 1982.27
0.07 3.85 1910.6
0.07 3.86 1837.1
0.07 3.87 1762.15
0.07 3.88 1686.07
0.07 3.89 1609.29
0.07 3.9 1532.12
0.07 3.91 1454.88
0.07 3.92 1378.01
0.07 3.93 1301.92
0.07 3.94 1227.19
0.07 3.95 1154.53
0.07 3.96 1084.85
0.07 3.97 1019.27
0.07 3.98 959.15
0.07 3.99 905.481
0.07 4 852.32

0.08 0 2740.45
0.08 0.01 3114
0.08 0.02 11769.7
0.08 0.03 17683.6
0.08 0.04 125394
0.08 0.05 3488.07
0.08 0.06 2604.09
0.08 0.07 41090.5
0.08 0.08 5714.48
0.08 0.09 29938.3
0.08 0.1 1537.37
0.08 0.11 12388.7
0.08 0.12 6925.14
0.08 0.13 2801.28
0.08 0.14 14032.2
0.08 0.15 3540.69
0.08 0.16 7209.03
0.08 0.17 545.399
0.08 0.18 3358.8
0.08 0.19 4704.27
0.08 0.2 2715.52
0.08 0.21 2491.46
0.08 0.22 2545.29
0.08 0.23 3219.46
0.08 0.24 2248.62
0.08 0.25 1902.53
0.08 0.26 1645.54
0.08 0.27 1380.78
0.08 0.28 1015.85
0.08 0.29 671.568
0.08 0.3 535.61
0.08 0.31 554.008
0.08 0.32 3962.84
0.08 0.33 183.117
0.08 0.34 262.292
0.08 0.35 338.078
0.08 0.36 951.643
0.08 0.37 374.243
0.08 0.38 442.609
0.08 0.39 332.846
0.08 0.4 268.162
0.08 0.41 373.856
0.08 0.42 458.893
0.08 0.43 691.297
0.08 0.44 1792.44
0.08 0.45 1790.46
0.08 0.46 3390.97
0.08 0.47 3556.01
0.08 0.48 13781
0.08 0.49 4194.93
0.08 0.5 2989.01
0.08 0.51 3175.21
0.08 0.52 4435.81
0.08 0.53 9683.21
0.08 0.54 9.64849e+06
0.08 0.55 4281.15
0.08 0.56 3840.3
0.08 0.57 687605
0.08 0.58 1913.12
0.08 0.59 7554.86
0.08 0.6 3857.08
0.08 0.61 5543.97
0.08 0.62 2426.5
0.08 0.63 24264.1
0.08 0.64 2675.9
0.08 0.65 19751.9
0.08 0.66 5229.42
0.08 0.67 3180.32
0.08 0.68 24213.6
0.08 0.69 3604.9
0.08 0.7 6703.79
0.08 0.71 13841.2
0.08 0.72 4305.66
0.08 0.73 4548.5
0.08 0.74 170100
0.08 0.75 9354.84
0.08 0.76 5285.76
0.08 0.77 5535.78
0.08 0.78 5795.56
0.08 0.79 177601
0.08 0.8 13645.5
0.08 0.81 6726.63
0.08 0.82 7109.06
0.08 0.83 7528.64
0.08 0.84 17382.5
0.08 0.85 73126.5
0.08 0.86 8985.87
0.08 0.87 9533.65
0.08 0.88 10113
0.08 0.89 10725.3
0.08 0.9 11372
0.08 0.91 14325.3
0.08 0.92 224130
0.08 0.93 34269.1
0.08 0.94 14333.3
0.08 0.95 15171.3
0.08 0.96 16047.9
0.08 0.97 16961.1
0.08 0.98 17907.8
0.08 0.99 18883.3
0.08 1 19880.9
0.08 1.01 20892.2
0.08 1.02 21906.4
0.08 1.03 22910.3
0.08 1.04 23888.6
0.08 1.05 24824
0.08 1.06 40183.2
0.08 1.07 81694
0.08 1.08 142241
0.08 1.09 168322
0.08 1.1 146013
0.08 1.11 117687
0.08 1.12 89292.6
0.08 1.13 38627.8
0.08 1.14 28348
0.08 1.15 27995.9
0.08 1.16 27502.3
0.08 1.17 26879.9
0.08 1.18 26139.4
0.08 1.19 25349.9
0.08 1.2 24476.2
0.08 1.21 23552.3
0.08 1.22 22599.4
0.08 1.23 21633.6
0.08 1.24 20668.4
0.08 1.25 19715.3
0.08 1.26 18783.1
0.08 1.27 17879
0.08 1.28 17007.9
0.08 1.29 16173.5
0.08 1.3 15377.9
0.08 1.31 14622.1
0.08 1.32 14021.6
0.08 1.33 54207.7
0.08 1.34 863472
0.08 1.35 20199.9
0.08 1.36 11428
0.08 1.37 10897.5
0.08 1.38 10399.2
0.08 1.39 9931.17
0.08 1.4 9491.69
0.08 1.41 9078.9
0.08 1.42 16403.6
0.08 1.43 243653
0.08 1.44 32930.3
0.08 1.45 7660.87
0.08 1.46 7356.91
0.08 1.47 7070.36
0.08 1.48 6800
0.08 1.49 6544.64
0.08 1.5 17263.8
0.08 1.51 781357
0.08 1.52 12741.7
0.08 1.53 5652.66
0.08 1.54 5457.48
0.08 1.55 5271.81
0.08 1.56 5750.74
0.08 1.57 19252.6
0.08 1.58 319338
0.08 1.59 6474.1
0.08 1.6 4462.98
0.08 1.61 4321.1
0.08 1.62 4820.99
0.08 1.63 16316
0.08 1.64 172777
0.08 1.65 3804.64
0.08 1.66 3686.73
0.08 1.67 3572.91
0.08 1.68 9416.37
0.08 1.69 289759
0.08 1.7 3698
0.08 1.71 3158.28
0.08 1.72 3527.24
0.08 1.73 13648.2
0.08 1.74 62982.1
0.08 1.75 2807.01
0.08 1.76 2726.8
0.08 1.77 6216.04
0.08 1.78 98164.6
0.08 1.79 3134.6
0.08 1.8 2420.59
0.08 1.81 5680.2
0.08 1.82 96915.1
0.08 1.83 2196.16
0.08 1.84 2929.94
0.08 1.85 15591.3
0.08 1.86 4487.14
0.08 1.87 2733.9
0.08 1.88 24911.3
0.08 1.89 1734.47
0.08 1.9 7326.66
0.08 1.91 1571.32
0.08 1.92 10157.5
0.08 1.93 2001.2
0.08 1.94 3475.24
0.08 1.95 14207.1
0.08 1.96 10603.1
0.08 1.97 6915.88
0.08 1.98 940.868
0.08 1.99 1919.99
0.08 2 1594.66
0.08 2.01 652.291
0.08 2.02 563.548
0.08 2.03 1285.96
0.08 2.04 378.58
0.08 2.05 435.377
0.08 2.06 491.869
0.08 2.07 586.362
0.08 2.08 892.265
0.08 2.09 1106.16
0.08 2.1 3530.28
0.08 2.11 5018.2
0.08 2.12 8477.46
0.08 2.13 1637.89
0.08 2.14 14980
0.08 2.15 8129.67
0.08 2.16 9083.28
0.08 2.17 25093.5
0.08 2.18 2894.43
0.08 2.19 3355.56
0.08 2.2 24206.7
0.08 2.21 3760
0.08 2.22 7625.25
0.08 2.23 7086.21
0.08 2.24 4658.23
0.08 2.25 5934.05
0.08 2.26 20034.8
0.08 2.27 5492.15
0.08 2.28 5733.79
0.08 2.29 5949.39
0.08 2.3 6135.18
0.08 2.31 12739.3
0.08 2.32 11612.6
0.08 2.33 6488.35
0.08 2.34 6534.68
0.08 2.35 6546.29
0.08 2.36 6525.16
0.08 2.37 6473.68
0.08 2.38 6419.99
0.08 2.39 6318.14
0.08 2.4 6174.7
0.08 2.41 6038.46
0.08 2.42 5889.81
0.08 2.43 5731.96
0.08 2.44 7568.25
0.08 2.45 5399.58
0.08 2.46 5229.57
0.08 2.47 5721.57
0.08 2.48 18328.7
0.08 2.49 4723.9
0.08 2.5 4560.37
0.08 2.51 4400.46
0.08 2.52 7880.32
0.08 2.53 28369.2
0.08 2.54 3946.08
0.08 2.55 3803.31
0.08 2.56 4232.17
0.08 2.57 17276.2
0.08 2.58 7804.21
0.08 2.59 3273.9
0.08 2.6 3894.35
0.08 2.61 19592.6
0.08 2.62 3670.83
0.08 2.63 2803
0.08 2.64 7363.66
0.08 2.65 13145.8
0.08 2.66 2482.75
0.08 2.67 6477.56
0.08 2.68 9245.87
0.08 2.69 2205.03
0.08 2.7 12630.8
0.08 2.71 1998.14
0.08 2.72 5383.94
0.08 2.73 2418.71
0.08 2.74 4730.88
0.08 2.75 1630.97
0.08 2.76 7901.47
0.08 2.77 2214.96
0.08 2.78 1354.48
0.08 2.79 5059.45
0.08 2.8 3522.2
0.08 2.81 1669.18
0.08 2.82 1353.49
0.08 2.83 904.02
0.08 2.84 826.75
0.08 2.85 762.145
0.08 2.86 1168.68
0.08 2.87 735.765
0.08 2.88 704.004
0.08 2.89 755.584
0.08 2.9 834.511
0.08 2.91 940.149
0.08 2.92 1067.34
0.08 2.93 1233.62
0.08 2.94 1368.81
0.08 2.95 3175.28
0.08 2.96 5254.14
0.08 2.97 6203.93
0.08 2.98 3717.42
0.08 2.99 2254.73
0.08 3 4382.23
0.08 3.01 3178.31
0.08 3.02 3496.61
0.08 3.03 2937.39
0.08 3.04 5474.83
0.08 3.05 3217.88
0.08 3.06 4469.76
0.08 3.07 3435.57
0.08 3.08 3517.46
0.08 3.09 3580.45
0.08 3.1 3624.6
0.08 3.11 3650.34
0.08 3.12 3658.54
0.08 3.13 3650.23
0.08 3.14 3703.44
0.08 3.15 3599.45
0.08 3.16 3543.32
0.08 3.17 3485.48
0.08 3.18 3419.08
0.08 3.19 3345.62
0.08 3.2 3266.42
0.08 3.21 3182.63
0.08 3.22 3095.21
0.08 3.23 3005.13
0.08 3.24 2912.92
0.08 3.25 5148.16
0.08 3.26 2724.87
0.08 3.27 3338.43
0.08 3.28 5527.48
0.08 3.29 2439.05
0.08 3.3 4398.69
0.08 3.31 3208.33
0.08 3.32 2179.62
0.08 3.33 6289
0.08 3.34 1968.46
0.08 3.35 4733.13
0.08 3.36 1785.02
0.08 3.37 3907.01
0.08 3.38 1604.49
0.08 3.39 3473.01
0.08 3.4 1426.96
0.08 3.41 2496.67
0.08 3.42 1253.87
0.08 3.43 1169.95
0.08 3.44 1089.04
0.08 3.45 1012.38
0.08 3.46 942.28
0.08 3.47 881.348
0.08 3.48 1139.71
0.08 3.49 786.71
0.08 3.5 756.49
0.08 3.51 1851.48
0.08 3.52 842.279
0.08 3.53 901.8
0.08 3.54 979.958
0.08 3.55 1073.35
0.08 3.56 1178.19
0.08 3.57 1291.09
0.08 3.58 1408.83
0.08 3.59 1893.24
0.08 3.6 2482.65
0.08 3.61 1766.83
0.08 3.62 1880.1
0.08 3.63 2661.9
0.08 3.64 2086.77
0.08 3.65 2177.1
0.08 3.66 2257.16
0.08 3.67 2326
0.08 3.68 2383.11
0.08 3.69 2428.13
0.08 3.7 2461.03
0.08 3.71 2481.99
0.08 3.72 2491.38
0.08 3.73 2489.57
0.08 3.74 2489.79
0.08 3.75 2408.96
0.08 3.76 2427.5
0.08 3.77 2391.13
0.08 3.78 2347.57
0.08 3.79 2297.94
0.08 3.8 2243.07
0.08 3.81 2183.69
0.08 3.82 2120.45
0.08 3.83 2053.91
0.08 3.84 1984.61
0.08 3.85 1913
0.08 3.86 1839.53
0.08 3.87 1764.62
0.08 3.88 1688.55
0.08 3.89 1611.8
0.08 3.9 1534.62
0.08 3.91 1457.37
0.08 3.92 1380.47
0.08 3.93 1304.35
0.08 3.94 1229.55
0.08 3.95 1156.81
0.08 3.96 1087.01
0.08 3.97 1021.28
0.08 3.98 960.969
0.08 3.99 907.121
0.08 4 854.647

0.09 0 76301.9
0.09 0.01 3122.03
0.09 0.02 12952.4
0.09 0.03 211113
0.09 0.04 112279
0.09 0.05 4439.38
0.09 0.06 2501.45
0.09 0.07 2879.6
0.09 0.08 5225.85
0.09 0.09 38221.5
0.09 0.1 2662.6
0.09 0.11 4180.43
0.09 0.12 9279.45
0.09 0.13 21368.2
0.09 0.14 10637.2
0.09 0.15 13501.4
0.09 0.16 6760.72
0.09 0.17 587.117
0.09 0.18 26458.8
0.09 0.19 4574.14
0.09 0.2 771.616
0.09 0.21 4475.27
0.09 0.22 2429.49
0.09 0.23 2576.67
0.09 0.24 2279.5
0.09 0.25 1939.79
0.09 0.26 1664.48
0.09 0.27 1373.1
0.09 0.28 1022.78
0.09 0.29 658.058
0.09 0.3 548.476
0.09 0.31 566.363
0.09 0.32 401.4
0.09 0.33 189.242
0.09 0.34 62.8914
0.09 0.35 55502.2
0.09 0.36 8623.3
0.09 0.37 3760.15
0.09 0.38 138.154
0.09 0.39 228.633
0.09 0.4 264.221
0.09 0.41 371.565
0.09 0.42 456.698
0.09 0.43 659.989
0.09 0.44 2061.94
0.09 0.45 853.981
0.09 0.46 4244.81
0.09 0.47 1511.02
0.09 0.48 21177.7
0.09 0.49 5015.07
0.09 0.5 3315.25
0.09 0.51 3618.61
0.09 0.52 4985.21
0.09 0.53 11512.8
0.09 0.54 1.24555e+06
0.09 0.55 5647.39
0.09 0.56 4169.53
0.09 0.57 360616
0.09 0.58 1909.57
0.09 0.59 8002.72
0.09 0.6 3147.74
0.09 0.61 5675.4
0.09 0.62 2423.15
0.09 0.63 24765.9
0.09 0.64 2672.02
0.09 0.65 18356.2
0.09 0.66 5287.98
0.09 0.67 3174.66
0.09 0.68 24357.8
0.09 0.69 3598.57
0.09 0.7 6690.85
0.09 0.71 13648.4
0.09 0.72 4298.9
0.09 0.73 4541.69
0.09 0.74 155339
0.09 0.75 9112.34
0.09 0.76 5278.89
0.09 0.77 5528.74
0.09 0.78 5788.11
0.09 0.79 166825
0.09 0.8 13045.9
0.09 0.81 6716.45
0.09 0.82 7097.81
0.09 0.83 7516.41
0.09 0.84 18547.6
0.09 0.85 62438.2
0.09 0.86 8971.09
0.09 0.87 9518.06
0.09 0.88 10096.6
0.09 0.89 10708
0.09 0.9 11353.8
0.09 0.91 15741.7
0.09 0.92 202617
0.09 0.93 30238.3
0.09 0.94 14311.2
0.09 0.95 15148.3
0.09 0.96 16024.1
0.09 0.97 16936.6
0.09 0.98 17882.7
0.09 0.99 18857.7
0.09 1 19855.2
0.09 1.01 20866.6
0.09 1.02 21881.3
0.09 1.03 22886.2
0.09 1.04 23866
0.09 1.05 24803.3
0.09 1.06 47659.6
0.09 1.07 95511.7
0.09 1.08 145985
0.09 1.09 143090
0.09 1.1 113395
0.09 1.11 89814.9
0.09 1.12 68558.4
0.09 1.13 31993.5
0.09 1.14 28364.4
0.09 1.15 28016.5
0.09 1.16 27526.6
0.09 1.17 26907.6
0.09 1.18 26169.9
0.09 1.19 25381.3
0.09 1.2 24509.2
0.09 1.21 29598.6
0.09 1.22 22633.2
0.09 1.23 21667.2
0.09 1.24 20701.4
0.09 1.25 19747.3
0.09 1.26 18814.1
0.09 1.27 17908.7
0.09 1.28 17036.3
0.09 1.29 16200.4
0.09 1.3 15403.4
0.09 1.31 14646.2
0.09 1.32 13929
0.09 1.33 49651.9
0.09 1.34 1.77626e+06
0.09 1.35 22359.3
0.09 1.36 11445.6
0.09 1.37 11865.6
0.09 1.38 10414.6
0.09 1.39 9945.65
0.09 1.4 9505.26
0.09 1.41 9091.62
0.09 1.42 15599.2
0.09 1.43 203878
0.09 1.44 37663.6
0.09 1.45 7670.77
0.09 1.46 7366.22
0.09 1.47 7079.14
0.09 1.48 6808.27
0.09 1.49 6552.44
0.09 1.5 16408.9
0.09 1.51 801843
0.09 1.52 14071.8
0.09 1.53 5658.93
0.09 1.54 5463.43
0.09 1.55 5277.47
0.09 1.56 5618.66
0.09 1.57 18283.9
0.09 1.58 489159
0.09 1.59 7862.68
0.09 1.6 4467.49
0.09 1.61 4325.42
0.09 1.62 4718.47
0.09 1.63 15591.3
0.09 1.64 237309
0.09 1.65 3808.38
0.09 1.66 3690.32
0.09 1.67 3576.37
0.09 1.68 9122.97
0.09 1.69 334674
0.09 1.7 4191.6
0.09 1.71 3161.23
0.09 1.72 3387.39
0.09 1.73 13160.3
0.09 1.74 75969.8
0.09 1.75 2809.53
0.09 1.76 2729.26
0.09 1.77 6092.89
0.09 1.78 98105.2
0.09 1.79 3465.48
0.09 1.8 2422.91
0.09 1.81 5583.84
0.09 1.82 104090
0.09 1.83 2198.48
0.09 1.84 2897.04
0.09 1.85 15231.6
0.09 1.86 4874.44
0.09 1.87 2699.57
0.09 1.88 24521.5
0.09 1.89 1736.9
0.09 1.9 7162.88
0.09 1.91 1573.88
0.09 1.92 9871.63
0.09 1.93 1937.86
0.09 1.94 3995.43
0.09 1.95 15328.3
0.09 1.96 10912.1
0.09 1.97 7523.75
0.09 1.98 970.127
0.09 1.99 1969.3
0.09 2 1715.6
0.09 2.01 655.147
0.09 2.02 566.015
0.09 2.03 491.099
0.09 2.04 385.354
0.09 2.05 640.753
0.09 2.06 489.553
0.09 2.07 582.895
0.09 2.08 826.481
0.09 2.09 1143.02
0.09 2.1 3141.39
0.09 2.11 5152.95
0.09 2.12 8257.92
0.09 2.13 1631.18
0.09 2.14 14231.6
0.09 2.15 8373.61
0.09 2.16 9224.84
0.09 2.17 23670.1
0.09 2.18 2886.29
0.09 2.19 3329.14
0.09 2.2 23553.2
0.09 2.21 3751.37
0.09 2.22 8167.63
0.09 2.23 6722.22
0.09 2.24 4649.84
0.09 2.25 6766.44
0.09 2.26 17388.6
0.09 2.27 5485.23
0.09 2.28 5727.62
0.09 2.29 5944.11
0.09 2.3 6130.89
0.09 2.31 14155.8
0.09 2.32 10191.8
0.09 2.33 6487.31
0.09 2.34 6534.73
0.09 2.35 6547.35
0.09 2.36 6527.15
0.09 2.37 6476.52
0.09 2.38 6417.91
0.09 2.39 6325.14
0.09 2.4 6179.38
0.09 2.41 6043.51
0.09 2.42 5895.14
0.09 2.43 5737.48
0.09 2.44 8105.18
0.09 2.45 5405.26
0.09 2.46 5235.24
0.09 2.47 6133.2
0.09 2.48 19662.6
0.09 2.49 4729.31
0.09 2.5 4565.65
0.09 2.51 4405.58
0.09 2.52 8338.21
0.09 2.53 29892.7
0.09 2.54 3950.75
0.09 2.55 3807.82
0.09 2.56 4345.26
0.09 2.57 18611.9
0.09 2.58 7520.69
0.09 2.59 3277.86
0.09 2.6 3970.64
0.09 2.61 21002.5
0.09 2.62 3552.83
0.09 2.63 2806.52
0.09 2.64 7563.65
0.09 2.65 13239.3
0.09 2.66 2485.98
0.09 2.67 6622.88
0.09 2.68 9287.61
0.09 2.69 2233.14
0.09 2.7 13203.8
0.09 2.71 15883.7
0.09 2.72 5488.72
0.09 2.73 2384.78
0.09 2.74 4820.19
0.09 2.75 1633.82
0.09 2.76 8224.66
0.09 2.77 2259.48
0.09 2.78 1357.34
0.09 2.79 5200.12
0.09 2.8 3709.1
0.09 2.81 1828.66
0.09 2.82 1245.49
0.09 2.83 906.562
0.09 2.84 828.954
0.09 2.85 763.877
0.09 2.86 2301.21
0.09 2.87 672.445
0.09 2.88 702.489
0.09 2.89 1317.6
0.09 2.9 831.655
0.09 2.91 936.557
0.09 2.92 1063.18
0.09 2.93 1206.74
0.09 2.94 1363.9
0.09 2.95 3186.04
0.09 2.96 5086.44
0.09 2.97 6028.64
0.09 2.98 3936.38
0.09 2.99 2249.38
0.09 3 4107.45
0.09 3.01 3663.57
0.09 3.02 3242.69
0.09 3.03 2932.99
0.09 3.04 4979.02
0.09 3.05 3214.37
0.09 3.06 4853.4
0.09 3.07 3433.15
0.09 3.08 3515.63
0.09 3.09 3579.2
0.09 3.1 3623.92
0.09 3.11 3650.21
0.09 3.12 3658.93
0.09 3.13 3651.1
0.09 3.14 3683.96
0.09 3.15 8084.05
0.09 3.16 3545.29
0.09 3.17 3487.72
0.09 3.18 3421.54
0.09 3.19 3348.26
0.09 3.2 3269.2
0.09 3.21 3185.53
0.09 3.22 3098.19
0.09 3.23 3008.16
0.09 3.24 2915.99
0.09 3.25 5229.02
0.09 3.26 2727.97
0.09 3.27 3611.23
0.09 3.28 5268.31
0.09 3.29 2442.1
0.09 3.3 4742.56
0.09 3.31 2802.25
0.09 3.32 2336.89
0.09 3.33 6539.34
0.09 3.34 1971.36
0.09 3.35 5062.89
0.09 3.36 1787.91
0.09 3.37 4175.16
0.09 3.38 1607.3
0.09 3.39 3680.05
0.09 3.4 1429.67
0.09 3.41 2594.81
0.09 3.42 1256.51
0.09 3.43 1172.56
0.09 3.44 1091.51
0.09 3.45 1014.69
0.09 3.46 944.342
0.09 3.47 883.079
0.09 3.48 833.591
0.09 3.49 789.199
0.09 3.5 752.37
0.09 3.51 802.079
0.09 3.52 840.743
0.09 3.53 899.657
0.09 3.54 977.301
0.09 3.55 1070.29
0.09 3.56 1174.84
0.09 3.57 1287.59
0.09 3.58 1405.23
0.09 3.59 1725.65
0.09 3.6 2457.3
0.09 3.61 1763.4
0.09 3.62 1876.81
0.09 3.63 2651.97
0.09 3.64 2084.02
0.09 3.65 2174.64
0.09 3.66 2255.05
0.09 3.67 2324.27
0.09 3.68 2381.75
0.09 3.69 2427.15
0.09 3.7 2460.43
0.09 3.71 2481.75
0.09 3.72 2491.49
0.09 3.73 2490.01
0.09 3.74 2489.26
0.09 3.75 2411.1
0.09 3.76 2428.73
0.09 3.77 2392.59
0.09 3.78 2349.22
0.09 3.79 2299.75
0.09 3.8 2245.03
0.09 3.81 2185.77
0.09 3.82 2122.63
0.09 3.83 2056.18
0.09 3.84 1986.95
0.09 3.85 1915.4
0.09 3.86 1841.96
0.09 3.87 1767.09
0.09 3.88 1691.04
0.09 3.89 1614.31
0.09 3.9 1537.11
0.09 3.91 1459.85
0.09 3.92 1382.93
0.09 3.93 1306.77
0.09 3.94 1231.92
0.09 3.95 1159.09
0.09 3.96 1089.18
0.09 3.97 1023.3
0.09 3.98 962.792
0.09 3.99 908.76
0.09 4 856.857

0.1 0 5350.19
0.1 0.01 15129.2
0.1 0.02 14734.3
0.1 0.03 10097.6
0.1 0.04 345627
0.1 0.05 3433.85
0.1 0.06 2421.19
0.1 0.07 164947
0.1 0.08 19451.6
0.1 0.09 23672.7
0.1 0.1 9112.48
0.1 0.11 6482.97
0.1 0.12 11746
0.1 0.13 19791.5
0.1 0.14 10795.1
0.1 0.15 2318.33
0.1 0.16 7898.93
0.1 0.17 1490.02
0.1 0.18 3481.84
0.1 0.19 4747.67
0.1 0.2 980.032
0.1 0.21 4132.5
0.1 0.22 2838.99
0.1 0.23 2533.4
0.1 0.24 36402.9
0.1 0.25 1965.6
0.1 0.26 1675.66
0.1 0.27 1362.42
0.1 0.28 1259.07
0.1 0.29 25095.1
0.1 0.3 562.733
0.1 0.31 578.141
0.1 0.32 402.799
0.1 0.33 195.638
0.1 0.34 75.9038
0.1 0.35 78.6939
0.1 0.36 7272.35
0.1 0.37 1149.43
0.1 0.38 2085.82
0.1 0.39 191.443
0.1 0.4 260.166
0.1 0.41 369.312
0.1 0.42 454.529
0.1 0.43 635.014
0.1 0.44 2268.63
0.1 0.45 737.349
0.1 0.46 5374.89
0.1 0.47 855.489
0.1 0.48 33605.9
0.1 0.49 6054.47
0.1 0.5 3459.92
0.1 0.51 3476.82
0.1 0.52 5591.8
0.1 0.53 13898.3
0.1 0.54 284928
0.1 0.55 1581.25
0.1 0.56 4419.64
0.1 0.57 201683
0.1 0.58 1906.05
0.1 0.59 8438.44
0.1 0.6 2743.26
0.1 0.61 5782.01
0.1 0.62 2419.81
0.1 0.63 24888.2
0.1 0.64 2668.2
0.1 0.65 17392.8
0.1 0.66 5320.68
0.1 0.67 3169.05
0.1 0.68 24139.3
0.1 0.69 3592.3
0.1 0.7 6737.92
0.1 0.71 13331.1
0.1 0.72 4292.19
0.1 0.73 4534.91
0.1 0.74 142673
0.1 0.75 8819.6
0.1 0.76 5272.07
0.1 0.77 5521.75
0.1 0.78 5780.72
0.1 0.79 154898
0.1 0.8 12380
0.1 0.81 6706.36
0.1 0.82 7086.66
0.1 0.83 7504.27
0.1 0.84 20095.6
0.1 0.85 53009.3
0.1 0.86 8956.42
0.1 0.87 9502.58
